SN2005eq 0.497 0.017 20.3423138063 35.8555962866 1.096 0.05
SN2005na 0.626 0.025 14.3611290312 30.9300066129 0.816 0.036
SN2005M 0.561 0.051 18.5919892312 34.5665520294 1.019 0.084
SN2005am 0.497 0.023 12.8104808059 28.3085033481 0.683 0.036
SN2005ke 0.171 0.013 17.8926533781 30.653245742 0.801 0.069
SN2005el 0.419 0.004 14.4698607642 29.3583894027 0.735 0.027
SN2007on 0.22 0.034 14.1068359153 27.2089657338 0.631 0.117
SN2005iq 0.413 0.023 13.0833595966 27.9070007987 0.664 0.053
SN2005ki 0.417 0.055 16.799775485 31.4522554721 0.844 0.117
SN2006mr 0.033 0.002 11.83209735 23.6342102602 0.476 0.04
SN2007bd 0.508 0.028 16.4325053484 32.0059395963 0.874 nan
