SN2005eq 0.66 0.121 25.3262172495 41.9512165746 1.501 nan
SN2008hv 0.536 0.176 21.0216183839 35.9055923903 1.099 0.383
SN2008ia 0.583 0.052 15.8601317263 32.0353579213 0.875 0.078
SN2008bc 0.626 0.041 23.4259587935 39.9058309171 1.358 0.088
SN2005M 0.606 0.134 24.8716062925 40.6450292904 1.409 0.312
SN2005ke 0.168 0.014 18.3798274625 31.1885354801 0.83 0.071
SN2005el 0.51 0.063 17.6834583131 33.1273001943 0.936 0.113
SN2007on 0.309 0.075 16.8018166891 30.09749406 0.773 0.232
SN2005ki 0.546 0.15 18.4634287073 33.6727911152 0.967 0.296
SN2006mr 0.051 0.02 12.1029402169 23.541798999 0.473 0.285
SN2007bd 0.632 0.202 17.6259557325 33.3699410448 0.95 0.361
