SN2005eq 0.6200627159 23.5925593045 41.8856755709 1.795 nan
SN2008hv 0.63898839766 19.125100087 35.0345790955 1.256 0.332
SN2008ia 0.611741705247 16.0326127708 32.3362958679 1.07 0.097
SN2008bc 0.790525397111 21.7271297586 39.4680254996 1.594 0.118
SN2005M 0.626420552299 24.2069598458 40.4274050222 1.673 3.264
SN2005ke 0.244271338161 17.1762973872 30.6185845442 0.959 0.075
SN2005el 0.510420649291 16.6745981331 32.2037541553 1.061 0.126
SN2007on 0.35045896388 15.3877472344 29.3695613193 0.883 0.167
SN2011fe 0.610347504692 19.0074669027 35.0512822263 1.257 0.217
SN2005ki 0.552432859059 18.0702990865 33.4734749218 1.147 4.645
SN2006mr 0.0564859039922 11.4505828132 23.4449821073 0.563 0.05
SN2007bd 0.714717972372 16.9576635919 33.7663686028 1.167 3.141
