-0.72800000    43.080275   
0.38830000     43.055140   
1.3104000      43.035454  
2.2616000      43.016143  
3.2031000      42.997998
4.1155000      42.981305  
6.0277000      42.949025  
7.9011000      42.920706  
9.7938000      42.895100  
14.501500      42.842405
16.365100      42.825092  
18.189900      42.809698  
20.121500      42.794840  
22.014300      42.781496  
23.887600      42.769287
27.624600      42.747285  
35.156900      42.709297  
39.893600      42.687980  
44.562400      42.668047  
49.231200      42.648774
50.231000       
53.948600       
111.37200


43.080275       
43.055140       
43.035454       
43.016143       
42.997998
42.981305       
42.949025       
42.920706       
42.895100       
42.842405
42.825092       
42.809698       
42.794840       
42.781496       
42.769287
42.747285       
42.709297       
42.687980       
42.668047       
42.648774

