SN2005eq 0.660441736088 25.1089445094 1.80100545991
SN2008hv 0.535777667312 18.612271497 1.21446189633
SN2008ia 0.582904052007 15.8174876289 1.05017242563
SN2008bc 0.657738192299 22.0015460426 1.54234689498
SN2005M 0.626420552299 23.8594973358 1.67254434281
SN2005ke 0.137552247319 16.9692890152 0.896301447672
SN2005el 0.510420649291 16.5713295781 1.06130183558
SN2007on 0.308507686789 15.1319908911 0.868736972294
SN2005ki 0.552432859059 17.5022421687 1.14664110939
SN2007bd 0.631637355954 16.7299364971 1.13750912949
