-1.347644125000078930e+01 1.649800000000000111e+01 5.800000000000000294e-02
-1.260827124999923399e+01 1.612800000000000011e+01 2.800000000000000058e-02
-1.170893125000293367e+01 1.590000000000000036e+01 2.199999999999999872e-02
-9.620151249997434206e+00 1.551600000000000001e+01 1.910000000000000031e-01
-6.576101250000647269e+00 1.508249999999999957e+01 1.450000000000000074e-02
-5.605631250000442378e+00 1.503599999999999959e+01 2.800000000000000058e-02
2.255438749998575076e+00 1.496700000000000053e+01 4.299999999999999656e-02
4.482308749997173436e+00 1.505199999999999960e+01 4.900000000000000189e-02
7.489448749998700805e+00 1.511699999999999910e+01 1.215181742237212391e-02
8.503918750000593718e+00 1.516300000000000026e+01 2.100000000000000130e-02
1.049080875000072410e+01 1.526500000000000057e+01 1.450000000000000074e-02
1.139743874999840045e+01 1.531700000000000017e+01 2.100000000000000130e-02
1.230494875000294996e+01 1.536599999999999966e+01 2.199999999999999872e-02
1.523018874999979744e+01 1.544200000000000017e+01 2.000000000000000042e-02
1.815124875000037719e+01 1.544800000000000040e+01 2.400000000000000050e-02
2.139882875000330387e+01 1.535699999999999932e+01 2.500000000000000139e-02
2.234515875000215601e+01 1.535100000000000087e+01 2.000000000000000042e-02
2.928549875000317115e+01 1.523033333333333417e+01 7.069339117311855547e-02
4.733540874999744119e+01 1.610000000000000142e+01 2.000000000000000042e-02
4.935386874999676365e+01 1.619999999999999929e+01 2.199999999999999872e-02
5.217584874999738531e+01 1.629599999999999937e+01 2.100000000000000130e-02
5.818815875000291271e+01 1.653300000000000125e+01 2.800000000000000058e-02
6.212371875000098953e+01 1.669300000000000139e+01 3.699999999999999817e-02
6.313201875000231666e+01 1.672350000000000136e+01 2.953811097548385972e-02
6.727492874999734340e+01 1.690899999999999892e+01 3.599999999999999728e-02
7.824583875000098487e+01 1.726899999999999835e+01 2.900000000000000147e-02
