-3.781346249998023268e+00 1.502999999999999936e+01 1.200000000000000025e-02
-2.761906250001629815e+00 1.498499999999999943e+01 2.000000000000000042e-02
-1.759816249999857973e+00 1.496199999999999974e+01 2.100000000000000130e-02
-9.070062500031781383e-01 1.498900000000000077e+01 1.299999999999999940e-02
1.001937499968335032e-01 1.500600000000000023e+01 2.400000000000000050e-02
4.126473750002332963e+00 1.510599999999999987e+01 1.400000000000000029e-02
6.092483749998791609e+00 1.518200000000000038e+01 1.499999999999999944e-02
7.165733750000072177e+00 1.523249999999999993e+01 1.234908903522847004e-02
2.230504374999873107e+01 1.536800000000000033e+01 1.799999999999999864e-02
2.818719374999636784e+01 1.549499999999999922e+01 1.200000000000000025e-02
3.116874375000043074e+01 1.566099999999999959e+01 1.600000000000000033e-02
3.508872374999918975e+01 1.598399999999999999e+01 1.299999999999999940e-02
5.809044374999939464e+01 1.706500000000000128e+01 2.100000000000000130e-02
6.708264374999998836e+01 1.738700000000000045e+01 3.599999999999999728e-02
1.209550037500011967e+02 1.919600000000000151e+01 1.209999999999999964e-01
