-3.778266250003071036e+00 1.609100000000000108e+01 2.299999999999999961e-02
-2.795566250002593733e+00 1.604299999999999926e+01 2.100000000000000130e-02
-1.809876250001252629e+00 1.605199999999999960e+01 1.799999999999999864e-02
1.225083750003250316e+00 1.613700000000000045e+01 1.899999999999999953e-02
4.191613750001124572e+00 1.622400000000000020e+01 2.199999999999999872e-02
7.232063750001543667e+00 1.645599999999999952e+01 2.199999999999999872e-02
1.122698374999890802e+01 1.662399999999999878e+01 2.500000000000000139e-02
3.318780374999914784e+01 1.739000000000000057e+01 3.599999999999999728e-02
3.418777375000354368e+01 1.732600000000000051e+01 4.200000000000000261e-02
4.321195374999660999e+01 1.778000000000000114e+01 3.599999999999999728e-02
