-1.230636999999842374e+01 1.527999999999999936e+01 1.799999999999999864e-02
-1.123427999999694293e+01 1.489600000000000080e+01 2.400000000000000050e-02
-1.034057000000029802e+01 1.456799999999999962e+01 2.000000000000000042e-02
-8.436820000002626330e+00 1.408900000000000041e+01 1.499999999999999944e-02
-6.389569999999366701e+00 1.382099999999999973e+01 2.500000000000000139e-02
-3.354090000000724103e+00 1.361800000000000033e+01 1.400000000000000029e-02
-1.379050000003189780e+00 1.361700000000000088e+01 1.899999999999999953e-02
1.268564999999944121e+01 1.416999999999999993e+01 1.700000000000000122e-02
1.470257000000128755e+01 1.415499999999999936e+01 2.699999999999999969e-02
1.670552000000316184e+01 1.408600000000000030e+01 1.799999999999999864e-02
1.766129999999975553e+01 1.404599999999999937e+01 1.299999999999999940e-02
2.158088999999745283e+01 1.396299999999999919e+01 3.599999999999999728e-02
2.462187999999878230e+01 1.391200000000000081e+01 2.000000000000000042e-02
2.567700999999942724e+01 1.398799999999999955e+01 5.700000000000000205e-02
4.057488000000012107e+01 1.477800000000000047e+01 1.799999999999999864e-02
4.568748000000050524e+01 1.503400000000000070e+01 2.100000000000000130e-02
5.171538000000145985e+01 1.523499999999999943e+01 2.800000000000000058e-02
5.562277000000176486e+01 1.547100000000000009e+01 1.600000000000000033e-02
7.863266999999905238e+01 1.641100000000000136e+01 2.000000000000000042e-02
