-2.711016250003012829e+00 1.350500000000000078e+01 2.100000000000000130e-02
3.349613749996933620e+00 1.369299999999999962e+01 1.799999999999999864e-02
4.313133750001725275e+00 1.373700000000000010e+01 1.799999999999999864e-02
9.223533750002388842e+00 1.408900000000000041e+01 2.000000000000000042e-02
1.125976375000027474e+01 1.421299999999999919e+01 1.700000000000000122e-02
1.420518374999664957e+01 1.430599999999999916e+01 3.099999999999999978e-02
1.824873374999879161e+01 1.422499999999999964e+01 1.499999999999999944e-02
2.519666375000088010e+01 1.405199999999999960e+01 1.700000000000000122e-02
2.821452375000080792e+01 1.404899999999999949e+01 1.600000000000000033e-02
3.431513375000213273e+01 1.429199999999999982e+01 1.499999999999999944e-02
3.519842375000007451e+01 1.435200000000000031e+01 1.600000000000000033e-02
5.308952375000080792e+01 1.533799999999999919e+01 1.700000000000000122e-02
5.412589375000243308e+01 1.533600000000000030e+01 1.899999999999999953e-02
5.513220374999946216e+01 1.542099999999999937e+01 1.700000000000000122e-02
6.418673375000071246e+01 1.574900000000000055e+01 1.700000000000000122e-02
6.506058374999702210e+01 1.589899999999999913e+01 2.000000000000000042e-02
6.610839375000068685e+01 1.585899999999999999e+01 1.799999999999999864e-02
6.911549375000322470e+01 1.603699999999999903e+01 2.199999999999999872e-02
7.215697375000308966e+01 1.612199999999999989e+01 2.100000000000000130e-02
8.705977374999929452e+01 1.673300000000000054e+01 2.800000000000000058e-02
8.901955374999670312e+01 1.682100000000000151e+01 2.900000000000000147e-02
9.594103375000122469e+01 1.704149999999999920e+01 2.018043607061056552e-02
1.130480137499980628e+02 1.773499999999999943e+01 9.199999999999999845e-02
