-3.966792500003066380e+00 1.464400000000000013e+01 3.200000000000000067e-02
-1.975592499999038409e+00 1.461800000000000033e+01 2.599999999999999881e-02
-9.637125000008381903e-01 1.463599999999999923e+01 3.200000000000000067e-02
2.287749999959487468e-02 1.470199999999999996e+01 2.159282288168918457e-02
2.025197499999194406e+00 1.474699999999999989e+01 2.122498527679112304e-02
8.981987500003015157e+00 1.507300000000000040e+01 3.400000000000000244e-02
1.193011750000005122e+01 1.522000000000000064e+01 2.999999999999999889e-02
1.698909750000166241e+01 1.516200000000000081e+01 3.099999999999999978e-02
1.288026475000006030e+02 1.909900000000000020e+01 1.270000000000000018e-01
1.298252674999966985e+02 1.914199999999999946e+01 1.400000000000000133e-01
1.637762074999991455e+02 2.017200000000000060e+01 2.660000000000000142e-01
