-1.040050750000227708e+01 1.523000000000000043e+01 1.799999999999999864e-02
-8.403317500000412110e+00 1.474300000000000033e+01 2.199999999999999872e-02
-7.404147499997634441e+00 1.462400000000000055e+01 2.800000000000000058e-02
-6.432337500002176967e+00 1.456400000000000006e+01 3.200000000000000067e-02
-3.413817499997094274e+00 1.434900000000000020e+01 2.800000000000000058e-02
-1.427417500002775341e+00 1.434699999999999953e+01 1.523975065412816986e-02
-4.318974999987403862e-01 1.434399999999999942e+01 2.500000000000000139e-02
5.747324999974807724e-01 1.436700000000000088e+01 2.800000000000000058e-02
1.566132499996456318e+00 1.439300000000000068e+01 2.299999999999999961e-02
2.567392500001005828e+00 1.439899999999999913e+01 2.500000000000000139e-02
1.057738249999965774e+01 1.484399999999999942e+01 1.799999999999999864e-02
