-4.319615000000339933e+00 1.701099999999999923e+01 2.699999999999999969e-02
-3.276350000014645047e-01 1.703000000000000114e+01 2.900000000000000147e-02
3.665025000002060551e+00 1.715399999999999991e+01 2.800000000000000058e-02
9.625964999999268912e+00 1.742599999999999838e+01 3.400000000000000244e-02
1.066155499999877065e+01 1.750900000000000034e+01 3.300000000000000155e-02
1.165458499999658670e+01 1.748900000000000077e+01 4.399999999999999745e-02
1.469187499999679858e+01 1.771199999999999974e+01 3.500000000000000333e-02
2.154092500000115251e+01 1.770499999999999829e+01 3.200000000000000067e-02
2.270640499999717576e+01 1.767000000000000171e+01 3.200000000000000067e-02
2.450468499999988126e+01 1.763800000000000168e+01 3.899999999999999994e-02
4.275943499999993946e+01 1.797599999999999909e+01 5.899999999999999689e-02
4.972557499999675201e+01 1.852799999999999869e+01 9.900000000000000466e-02
6.962763499999709893e+01 1.917800000000000082e+01 2.449999999999999956e-01
8.161233499999798369e+01 1.948600000000000065e+01 1.280000000000000027e-01
