-8.467838750002556480e+00 1.422333333333333449e+01 1.890913947157709177e-02
-7.470738750002055895e+00 1.409349999999999881e+01 1.949999999999985079e-02
-2.469538750003266614e+00 1.382600000000000051e+01 2.199999999999999872e-02
-1.475988749996758997e+00 1.385399999999999920e+01 1.899999999999999953e-02
1.402271250000922009e+00 1.395400000000000063e+01 1.600000000000000033e-02
3.429551250002987217e+00 1.401800000000000068e+01 1.700000000000000122e-02
6.385141250000742730e+00 1.411500000000000021e+01 3.400000000000000244e-02
2.151410125000256812e+01 1.450600000000000023e+01 1.700000000000000122e-02
2.248283125000307336e+01 1.449099999999999966e+01 1.700000000000000122e-02
2.647165125000174157e+01 1.440300000000000047e+01 2.000000000000000042e-02
2.845068124999670545e+01 1.437299999999999933e+01 1.799999999999999864e-02
4.945415124999999534e+01 1.546400000000000041e+01 2.400000000000000050e-02
5.040578125000320142e+01 1.548600000000000065e+01 1.799999999999999864e-02
5.340961124999739695e+01 1.561999999999999922e+01 1.799999999999999864e-02
5.638434124999912456e+01 1.575200000000000067e+01 2.000000000000000042e-02
5.847020124999835389e+01 1.583399999999999963e+01 1.700000000000000122e-02
6.038837125000281958e+01 1.594800000000000040e+01 2.100000000000000130e-02
6.344250124999962281e+01 1.606299999999999883e+01 2.299999999999999961e-02
