-7.969868749998568092e+00 1.662999999999999901e+01 4.499999999999999833e-02
-5.826708749998942949e+00 1.626000000000000156e+01 2.100000000000000130e-02
-5.040768749997369014e+00 1.620049999999999812e+01 1.453444185374863293e-02
-3.011868749999848660e+00 1.610000000000000142e+01 3.500000000000000333e-02
6.578124999941792339e-02 1.614699999999999847e+01 3.200000000000000067e-02
1.019801249996817205e+00 1.612199999999999989e+01 2.400000000000000050e-02
1.009801124999648891e+01 1.649399999999999977e+01 3.399999999999891998e-02
1.213208124999800930e+01 1.667000000000000171e+01 3.599999999999999728e-02
1.405733124999824213e+01 1.666700000000000159e+01 2.699999999999999969e-02
2.605072125000151573e+01 1.634700000000000131e+01 1.899999999999999953e-02
2.901182125000195811e+01 1.640399999999999991e+01 2.100000000000000130e-02
3.093092125000111992e+01 1.651399999999999935e+01 2.599999999999999881e-02
3.192397124999843072e+01 1.661100000000000065e+01 2.199999999999999872e-02
4.111150125000131084e+01 1.719000000000000128e+01 3.599999999999999728e-02
4.687388125000143191e+01 1.754500000000000171e+01 4.700000000000000011e-02
4.999518125000031432e+01 1.769399999999999906e+01 4.000000000000000083e-02
6.600396124999679159e+01 1.857400000000000162e+01 8.100000000000000255e-02
7.095403125000302680e+01 1.843900000000000006e+01 5.600000000000000117e-02
8.296103125000081491e+01 1.907700000000000173e+01 1.079999999999999988e-01
