-5.003531249996740371e+00 1.386200000000000010e+01 1.600000000000000033e-02
-3.044311249999736901e+00 1.380000000000000071e+01 1.400000000000000029e-02
6.084874999942258000e-02 1.382799999999999940e+01 1.600000000000000033e-02
2.912238750002870802e+00 1.391399999999999970e+01 1.400000000000000029e-02
5.988418749999254942e+00 1.402999999999999936e+01 1.299999999999999940e-02
9.981508750002831221e+00 1.425699999999999967e+01 1.400000000000000029e-02
1.607184874999802560e+01 1.436899999999999977e+01 2.000000000000000042e-02
2.099786874999699648e+01 1.419899999999999984e+01 1.600000000000000033e-02
2.892022875000111526e+01 1.422000000000000064e+01 1.899999999999999953e-02
3.300436875000013970e+01 1.452800000000000047e+01 1.799999999999999864e-02
3.701233874999888940e+01 1.495500000000000007e+01 9.600000000000000200e-02
6.193455874999926891e+01 1.614799999999999969e+01 3.500000000000000333e-02
6.592289875000278698e+01 1.623000000000000043e+01 2.100000000000000130e-02
