-3.627282499997818377e+00 1.419800000000000040e+01 2.500000000000000139e-02
2.530807499999355059e+00 1.433200000000000074e+01 2.800000000000000058e-02
5.466897500002232846e+00 1.447700000000000031e+01 1.899999999999999953e-02
7.473057499999413267e+00 1.457799999999999940e+01 1.600000000000000033e-02
8.398537499997473788e+00 1.455700000000000038e+01 1.202081528017130869e-02
1.047242749999713851e+01 1.483399999999999963e+01 2.299999999999999961e-02
1.250738750000164146e+01 1.494500000000000028e+01 3.899999999999999994e-02
1.352682749999803491e+01 1.499000000000000021e+01 2.400000000000000050e-02
1.735252749999926891e+01 1.499399999999999977e+01 2.299999999999999961e-02
1.847341749999759486e+01 1.492300000000000004e+01 1.600000000000000033e-02
3.239683749999676365e+01 1.477999999999999936e+01 1.899999999999999953e-02
3.928056749999814201e+01 1.530000000000000071e+01 4.000000000000000083e-02
4.124968749999970896e+01 1.534200000000000053e+01 1.900000000000012790e-02
4.337936749999789754e+01 1.546799999999999997e+01 1.379311422413372068e-02
5.245565750000241678e+01 1.587500000000000000e+01 1.899999999999999953e-02
6.229531750000023749e+01 1.638899999999999935e+01 2.599999999999999881e-02
6.637149749999662163e+01 1.654100000000000037e+01 2.299999999999999961e-02
7.026080750000255648e+01 1.665299999999999869e+01 2.199999999999999872e-02
1.042788474999979371e+02 1.818100000000000094e+01 1.079999999999999988e-01
