-4.091795000000274740e+00 1.721699999999999875e+01 3.599999999999999728e-02
-2.128985000003012829e+00 1.715200000000000102e+01 3.099999999999999978e-02
9.342749999996158294e-01 1.719300000000000139e+01 3.699999999999999817e-02
3.826094999996712431e+00 1.728099999999999881e+01 3.200000000000000067e-02
7.009004999999888241e+00 1.734299999999999997e+01 3.899999999999999994e-02
9.866705000000365544e+00 1.756899999999999906e+01 3.699999999999999817e-02
2.784145500000158790e+01 1.757000000000000028e+01 4.100000000000000172e-02
2.987694500000361586e+01 1.766499999999999915e+01 3.099999999999999978e-02
6.083802499999728752e+01 1.910999999999999943e+01 1.000000000000000056e-01
9.179151499999716179e+01 2.052400000000000091e+01 2.650000000000000133e-01
