-7.665013749996433035e+00 1.784600000000000009e+01 3.400000000000000244e-02
-8.769637500008684583e-01 1.672599999999999909e+01 2.999999999999999889e-02
2.595562499991501682e-01 1.670499999999999829e+01 2.299999999999999961e-02
1.101746250002179295e+00 1.672500000000000142e+01 2.900000000000000147e-02
5.134206249997077975e+00 1.685800000000000054e+01 4.599999999999999922e-02
7.299946250001084991e+00 1.688800000000000168e+01 2.299999999999999961e-02
8.144466249999823049e+00 1.689199999999999946e+01 3.500000000000000333e-02
9.173336250001739245e+00 1.694900000000000162e+01 2.500000000000000139e-02
1.923477624999941327e+01 1.751999999999999957e+01 3.500000000000000333e-02
2.020288625000102911e+01 1.761299999999999955e+01 2.900000000000000147e-02
2.123283624999749009e+01 1.773499999999999943e+01 4.100000000000000172e-02
2.324367625000013504e+01 1.789799999999999969e+01 3.099999999999999978e-02
2.922231625000131316e+01 1.834400000000000119e+01 6.500000000000000222e-02
3.217581624999729684e+01 1.845700000000000074e+01 4.800000000000000100e-02
3.418567625000287080e+01 1.851099999999999923e+01 4.499999999999999833e-02
4.117566624999744818e+01 1.887300000000000111e+01 9.900000000000000466e-02
4.214433624999946915e+01 1.883500000000000085e+01 1.549999999999999989e-01
4.915824625000095693e+01 1.903500000000000014e+01 2.000000000000000111e-01
5.115491625000140630e+01 1.923999999999999844e+01 1.690000000000000113e-01
5.318640625000261934e+01 1.951500000000000057e+01 2.099999999999999922e-01
5.819520624999859137e+01 1.926399999999999935e+01 3.380000000000000226e-01
6.213385625000228174e+01 1.979700000000000060e+01 2.650000000000000133e-01
6.314868625000235625e+01 1.961499999999999844e+01 2.810000000000000275e-01
7.213642624999920372e+01 2.003300000000000125e+01 2.710000000000000187e-01
