1.409699999996519182e+00 1.434699999999999953e+01 1.799999999999999864e-02
2.428449999999429565e+00 1.433000000000000007e+01 1.491643389017629703e-02
9.272319999996398110e+00 1.483000000000000007e+01 1.499999999999999944e-02
1.427646999999706168e+01 1.488899999999999935e+01 3.099999999999999978e-02
1.727390000000013970e+01 1.471899999999999942e+01 1.400000000000000029e-02
2.339242999999987660e+01 1.483000000000000007e+01 1.700000000000000122e-02
3.330851000000257045e+01 1.565300000000000047e+01 2.400000000000000050e-02
3.728317999999853782e+01 1.584450000000000003e+01 1.414213562373095069e-02
3.828158999999868684e+01 1.589566666666666528e+01 1.176151917625156695e-02
4.029585000000224682e+01 1.598300000000000054e+01 1.700000000000000122e-02
4.528682000000117114e+01 1.619300000000000139e+01 1.700000000000000122e-02
4.628977999999915482e+01 1.628900000000000148e+01 1.415980225850629534e-02
5.028901999999652617e+01 1.646300000000000097e+01 1.799999999999999864e-02
5.829185000000143191e+01 1.670599999999999952e+01 2.100000000000000130e-02
