-2.693843749999359716e+00 1.799950000000000117e+01 3.061045573002793563e-02
-1.757843749997846317e+00 1.803099999999999881e+01 2.800000000000000058e-02
-6.898437499985448085e-01 1.804899999999999949e+01 3.099999999999999978e-02
2.111562499994761311e-01 1.803849999999999909e+01 1.981161275615895070e-02
6.195156250003492460e+00 1.821499999999999986e+01 2.999999999999999889e-02
8.139156249999359716e+00 1.822599999999999909e+01 2.999999999999999889e-02
9.167156249997788109e+00 1.834100000000000108e+01 3.599999999999999728e-02
1.021415624999644933e+01 1.835900000000000176e+01 3.200000000000000067e-02
1.120815625000250293e+01 1.853200000000000003e+01 3.899999999999999994e-02
1.217015625000203727e+01 1.857199999999999918e+01 3.599999999999999728e-02
1.319615625000005821e+01 1.868599999999999994e+01 3.400000000000000244e-02
1.412515624999650754e+01 1.858999999999999986e+01 3.899999999999999994e-02
1.520615625000209548e+01 1.877299999999999969e+01 3.699999999999999817e-02
1.615315625000221189e+01 1.881800000000000139e+01 4.599999999999999922e-02
2.522815624999930151e+01 1.861899999999999977e+01 4.599999999999999922e-02
2.623815625000133878e+01 1.864799999999999969e+01 4.200000000000000261e-02
2.817115624999860302e+01 1.862099999999999866e+01 3.899999999999999994e-02
2.919515625000349246e+01 1.859299999999999997e+01 5.800000000000000294e-02
3.013515624999854481e+01 1.853200000000000003e+01 4.900000000000000189e-02
3.925115625000034925e+01 1.894399999999999906e+01 4.299999999999999656e-02
4.014415624999674037e+01 1.908200000000000074e+01 4.299999999999999656e-02
6.015515625000261934e+01 2.001099999999999923e+01 1.130000000000000032e-01
