-8.367218749997846317e+00 1.715800000000000125e+01 1.400000000000000029e-02
-7.401418749999720603e+00 1.696649999999999991e+01 5.349999999999965894e-02
-6.318918750002922025e+00 1.668199999999999861e+01 1.600000000000000033e-02
-5.317418749997159466e+00 1.655499999999999972e+01 1.099999999999999936e-02
-4.377218749999883585e+00 1.645599999999999952e+01 6.000000000000000125e-03
-3.326618749997578561e+00 1.633299999999999841e+01 1.200000000000000025e-02
-2.439818749997357372e+00 1.626250000000000284e+01 9.617692030835673159e-03
-1.458518749997892883e+00 1.620149999999999935e+01 8.514693182963200407e-03
-4.291187499984516762e-01 1.613500000000000156e+01 8.139410298049853595e-03
5.607381250003527384e+00 1.591399999999999970e+01 1.000000000000000021e-02
6.677881249997881241e+00 1.588799999999999990e+01 8.999999999999999320e-03
7.679381249996367842e+00 1.586299999999999955e+01 1.099999999999999936e-02
8.658281249998253770e+00 1.584900000000000020e+01 8.999999999999999320e-03
9.677881249997881241e+00 1.582699999999999996e+01 6.000000000000000125e-03
1.065838125000300352e+01 1.582099999999999973e+01 8.000000000000000167e-03
1.162618125000153668e+01 1.583900000000000041e+01 8.999999999999999320e-03
1.261968124999839347e+01 1.584099999999999930e+01 1.099999999999999936e-02
1.358058124999661231e+01 1.586100000000000065e+01 1.000000000000000021e-02
1.755758125000284053e+01 1.599699999999999989e+01 8.000000000000000167e-03
2.150388124999881256e+01 1.619600000000000151e+01 8.999999999999999320e-03
2.362618125000153668e+01 1.630900000000000105e+01 1.200000000000000025e-02
2.558818125000107102e+01 1.639799999999999969e+01 8.999999999999999320e-03
4.067128124999726424e+01 1.703500000000000014e+01 1.600000000000000033e-02
4.452748124999925494e+01 1.709900000000000020e+01 2.599999999999999881e-02
4.557448124999791617e+01 1.719800000000000040e+01 1.400000000000000029e-02
4.756048125000233995e+01 1.722400000000000020e+01 1.600000000000000033e-02
6.153938124999694992e+01 1.757600000000000051e+01 2.999999999999999889e-02
6.852208124999742722e+01 1.777199999999999847e+01 2.199999999999999872e-02
7.455348124999727588e+01 1.794999999999999929e+01 2.400000000000000050e-02
8.052488124999945285e+01 1.800100000000000122e+01 2.500000000000000139e-02
