-5.533187499997438863e+00 1.823400000000000176e+01 1.000000000000000056e-01
-4.666187499999068677e+00 1.820499999999999829e+01 3.099999999999999978e-02
-3.713187499997729901e+00 1.818799999999999883e+01 3.200000000000000067e-02
-1.724187500003608875e+00 1.817200000000000060e+01 3.200000000000000067e-02
1.414812499999243300e+00 1.814300000000000068e+01 6.800000000000000488e-02
5.349812499996914994e+00 1.829100000000000037e+01 6.700000000000000400e-02
1.634381250000296859e+01 1.899399999999999977e+01 7.299999999999999545e-02
2.830981250000331784e+01 1.883800000000000097e+01 1.140000000000000041e-01
2.926581250000162981e+01 1.890800000000000125e+01 6.400000000000000133e-02
3.029881249999743886e+01 1.912300000000000111e+01 6.199999999999999956e-02
3.231181249999644933e+01 1.920499999999999829e+01 6.600000000000000311e-02
4.125881249999656575e+01 1.975400000000000134e+01 1.549999999999999989e-01
4.327381250000325963e+01 2.003000000000000114e+01 1.209999999999999964e-01
4.423481249999895226e+01 1.990299999999999869e+01 1.849999999999999978e-01
5.026481249999778811e+01 2.040899999999999892e+01 1.819999999999999951e-01
