-1.170418249999784166e+01 1.791199999999999903e+01 5.199999999999999761e-02
-9.690382499997213017e+00 1.711599999999999966e+01 4.399999999999999745e-02
-8.697952499998791609e+00 1.674099999999999966e+01 6.600000000000000311e-02
2.795875000010710210e-01 1.633999999999999986e+01 3.599999999999999728e-02
1.314667500002542511e+00 1.631500000000000128e+01 5.299999999999999850e-02
2.237727500003529713e+00 1.638100000000000023e+01 9.800000000000000377e-02
8.238067500002216548e+00 1.665599999999999881e+01 1.799999999999999933e-01
2.421623749999707798e+01 1.686899999999999977e+01 4.100000000000000172e-02
2.521918749999895226e+01 1.689499999999999957e+01 4.800000000000000100e-02
2.617234750000352506e+01 1.701599999999999824e+01 3.599999999999999728e-02
3.227534749999904307e+01 1.752499999999999858e+01 5.600000000000000117e-02
4.022446749999653548e+01 1.796399999999999864e+01 6.600000000000000311e-02
