-5.120767499996873084e+00 1.757499999999999929e+01 5.500000000000000028e-02
8.311525000026449561e-01 1.751500000000000057e+01 3.200000000000000067e-02
1.762252499996975530e+00 1.747749999999999915e+01 2.229910312097775973e-02
2.832032500002242159e+00 1.755600000000000094e+01 3.500000000000000333e-02
3.834252499997091945e+00 1.755999999999999872e+01 2.999999999999999889e-02
4.827752500001224689e+00 1.761599999999999966e+01 2.900000000000000147e-02
5.829742499998246785e+00 1.766000000000000014e+01 3.400000000000000244e-02
6.815522500000952277e+00 1.777499999999999858e+01 3.200000000000000067e-02
7.814342500001657754e+00 1.781700000000000017e+01 2.900000000000000147e-02
8.809582499998214189e+00 1.797299999999999898e+01 2.900000000000000147e-02
9.766882500000065193e+00 1.812900000000000134e+01 5.600000000000000117e-02
1.979212250000273343e+01 1.818499999999999872e+01 3.300000000000000155e-02
2.674929249999695458e+01 1.828399999999999892e+01 4.000000000000000083e-02
4.175334250000014435e+01 1.907999999999999829e+01 5.500000000000000028e-02
4.373896249999961583e+01 1.898499999999999943e+01 1.059999999999999970e-01
