-1.702283749997150153e+00 1.739099999999999824e+01 2.100000000000000130e-02
-6.486837499978719279e-01 1.737199999999999989e+01 2.199999999999999872e-02
3.630362499970942736e-01 1.735500000000000043e+01 1.899999999999999953e-02
4.382196250000561122e+00 1.744699999999999918e+01 3.099999999999999978e-02
1.051039624999975786e+01 1.790399999999999991e+01 3.400000000000000244e-02
1.146958625000115717e+01 1.782100000000000151e+01 3.099999999999999978e-02
1.234993625000061002e+01 1.782600000000000051e+01 3.200000000000000067e-02
2.435155625000334112e+01 1.822299999999999898e+01 5.500000000000000028e-02
3.136498625000240281e+01 1.882100000000000151e+01 7.299999999999999545e-02
3.229536625000037020e+01 1.876099999999999923e+01 8.000000000000000167e-02
3.530572625000058906e+01 1.907600000000000051e+01 9.800000000000000377e-02
4.837823624999873573e+01 1.946499999999999986e+01 2.260000000000000064e-01
5.327419625000038650e+01 2.002499999999999858e+01 2.000000000000000111e-01
