-6.815218750001804437e+00 1.695899999999999963e+01 1.700000000000000122e-02
-3.782278749997203704e+00 1.678200000000000003e+01 1.400000000000000029e-02
2.272512499985168688e-01 1.686899999999999977e+01 1.700000000000000122e-02
1.186511250001785811e+00 1.689999999999999858e+01 2.000000000000000042e-02
2.106151250001857989e+00 1.692699999999999960e+01 1.700000000000000122e-02
1.216885124999680556e+01 1.754849999999999710e+01 5.250000000000021316e-02
2.108252124999853550e+01 1.753399999999999892e+01 2.400000000000000050e-02
2.204641124999761814e+01 1.752400000000000091e+01 2.299999999999999961e-02
2.304922125000302913e+01 1.747400000000000020e+01 2.100000000000000130e-02
3.602557125000021188e+01 1.769399999999999906e+01 4.299999999999999656e-02
3.812506125000072643e+01 1.791700000000000159e+01 3.599999999999999728e-02
4.501440125000226544e+01 1.825100000000000122e+01 2.299999999999999961e-02
5.396379124999657506e+01 1.863200000000000145e+01 3.300000000000000155e-02
5.695638124999823049e+01 1.880099999999999838e+01 4.200000000000000261e-02
5.999460125000041444e+01 1.907700000000000173e+01 2.250000000000000056e-01
6.397101125000335742e+01 1.896300000000000097e+01 7.000000000000000666e-02
6.496039125000243075e+01 1.917299999999999827e+01 9.099999999999999756e-02
7.395299125000019558e+01 1.943400000000000105e+01 7.799999999999999989e-02
7.494261125000048196e+01 1.938599999999999923e+01 1.570000000000000007e-01
8.396190124999702675e+01 1.970299999999999940e+01 6.099999999999999867e-02
8.594525124999927357e+01 1.973000000000000043e+01 1.519999999999999962e-01
