-6.378688750002766028e+00 1.583799999999999919e+01 1.600000000000000033e-02
-5.359478749996924307e+00 1.573300000000000054e+01 1.099999999999999936e-02
-1.314738749999378342e+00 1.576800000000000068e+01 1.200000000000000025e-02
3.606311249997816049e+00 1.593099999999999916e+01 1.200000000000000025e-02
9.590801250000367872e+00 1.655300000000000082e+01 1.400000000000000029e-02
1.656694124999921769e+01 1.656700000000000017e+01 3.099999999999999978e-02
1.858052124999812804e+01 1.644699999999999918e+01 1.399999999999934630e-02
1.964947124999889638e+01 1.639399999999999835e+01 1.299999999999999940e-02
2.056669125000189524e+01 1.640350000000000108e+01 8.845903006477065858e-03
2.267927125000278465e+01 1.635500000000000043e+01 1.400000000000000029e-02
2.955157124999823282e+01 1.677899999999999991e+01 1.600000000000000033e-02
3.059213124999951106e+01 1.686800000000000210e+01 1.060660171779821345e-02
3.160223124999902211e+01 1.695200000000000173e+01 1.600000000000000033e-02
3.259723125000164146e+01 1.702899999999999991e+01 1.700000000000000122e-02
3.360311124999861931e+01 1.705999999999999872e+01 1.204159457879229629e-02
3.455430124999838881e+01 1.698600000000000065e+01 3.799999999999999906e-02
3.559996125000179745e+01 1.720700000000000074e+01 2.000000000000000042e-02
3.659742125000047963e+01 1.728900000000000148e+01 7.099999999999999367e-02
3.763752124999882653e+01 1.728699999999999903e+01 1.799999999999999864e-02
3.859600124999997206e+01 1.738100000000000023e+01 1.379311422413372068e-02
3.957713125000009313e+01 1.742066666666666563e+01 1.438363267359344180e-02
4.060152124999876833e+01 1.746000000000000085e+01 1.665082580534671397e-02
4.158419124999636551e+01 1.749033333333333573e+01 1.798765008430942489e-02
4.258658124999783468e+01 1.757300000000000040e+01 2.599999999999999881e-02
4.360579124999640044e+01 1.763299999999999912e+01 2.500000000000000139e-02
4.861352125000121305e+01 1.771499999999999986e+01 2.900000000000000147e-02
4.960632125000120141e+01 1.783500000000000085e+01 2.699999999999999969e-02
5.960609125000337372e+01 1.825000000000000000e+01 3.699999999999999817e-02
6.052654125000117347e+01 1.822899999999999920e+01 3.799999999999999906e-02
6.639083124999888241e+01 1.844399999999999906e+01 4.499999999999999833e-02
6.746405124999728287e+01 1.861799999999999855e+01 4.599999999999999922e-02
7.852297125000040978e+01 1.910000000000000142e+01 5.022449601539073771e-02
8.043816125000012107e+01 1.911199999999999832e+01 7.699999999999999900e-02
8.247275125000305707e+01 1.925799999999999912e+01 7.900000000000000078e-02
8.345885124999767868e+01 1.925700000000000145e+01 9.199999999999999845e-02
8.448996125000121538e+01 1.926500000000000057e+01 7.900000000000000078e-02
9.054124125000089407e+01 1.936599999999999966e+01 9.299999999999999933e-02
9.848211124999943422e+01 1.973699999999999832e+01 1.280000000000000027e-01
