-5.130649999999150168e+00 1.703099999999999881e+01 1.799999999999999864e-02
-3.088900000002468005e+00 1.699099999999999966e+01 1.700000000000000122e-02
2.868360000000393484e+00 1.708200000000000074e+01 1.600000000000000033e-02
9.861749999996391125e+00 1.742200000000000060e+01 2.999999999999999889e-02
1.187655999999697087e+01 1.749399999999999977e+01 2.699999999999999969e-02
1.294565999999758787e+01 1.758999999999999986e+01 2.400000000000000050e-02
1.386265000000275904e+01 1.766349999999999909e+01 1.806239186818844183e-02
1.781416999999783002e+01 1.781400000000000006e+01 2.199999999999999872e-02
2.284352000000217231e+01 1.776000000000000156e+01 3.500000000000000333e-02
2.385426000000006752e+01 1.771999999999999886e+01 2.100000000000000130e-02
2.486450000000331784e+01 1.771099999999999852e+01 2.299999999999999961e-02
2.585452999999688473e+01 1.769300000000000139e+01 2.999999999999999889e-02
2.686559000000124797e+01 1.768599999999999994e+01 2.199999999999999872e-02
2.781653999999980442e+01 1.764900000000000091e+01 2.299999999999999961e-02
2.885762000000249827e+01 1.766300000000000026e+01 2.599999999999999881e-02
2.985779999999795109e+01 1.769000000000000128e+01 3.599999999999999728e-02
3.185106999999698019e+01 1.764000000000000057e+01 2.900000000000000147e-02
3.282035999999789055e+01 1.763400000000000034e+01 2.500000000000000139e-02
3.384346999999979744e+01 1.764000000000000057e+01 3.099999999999999978e-02
3.481726000000344357e+01 1.772899999999999920e+01 3.500000000000000333e-02
4.081870000000344589e+01 1.792599999999999838e+01 3.300000000000000155e-02
4.181891000000177883e+01 1.797500000000000142e+01 2.900000000000000147e-02
4.283514999999897555e+01 1.808999999999999986e+01 2.599999999999999881e-02
5.284848000000056345e+01 1.861599999999999966e+01 4.299999999999999656e-02
5.381691999999748077e+01 1.857799999999999940e+01 1.330000000000000071e-01
5.680666000000201166e+01 1.881299999999999883e+01 4.000000000000000083e-02
6.073041999999986729e+01 1.896499999999999986e+01 4.800000000000000100e-02
7.080283999999664957e+01 1.922700000000000031e+01 7.000000000000000666e-02
7.677204999999958090e+01 1.945700000000000074e+01 7.900000000000000078e-02
