-1.226571249999688007e+01 1.578899999999999970e+01 1.099999999999999936e-02
-1.126801249999698484e+01 1.541000000000000014e+01 1.400000000000000029e-02
-1.024461249999876600e+01 1.502100000000000080e+01 3.400000000000000244e-02
-9.331812500000523869e+00 1.484200000000000053e+01 1.099999999999999936e-02
-8.325512499999604188e+00 1.461599999999999966e+01 1.600000000000000033e-02
-7.330712499999208376e+00 1.446199999999999974e+01 1.200000000000000025e-02
-6.322412499997881241e+00 1.432699999999999996e+01 1.600000000000000033e-02
-5.380712500002118759e+00 1.423399999999999999e+01 1.099999999999999936e-02
-3.334912500002246816e+00 1.417300000000000004e+01 1.700000000000000122e-02
-2.340512499999022111e+00 1.417500000000000071e+01 1.600000000000000033e-02
7.245875000007799827e-01 1.423499999999999943e+01 1.600000000000000033e-02
1.734487499998067506e+00 1.426800000000000068e+01 1.400000000000000029e-02
2.684387499997683335e+00 1.430000000000000071e+01 6.000000000000000125e-03
9.664787499998055864e+00 1.463649999999999984e+01 7.810249675906654442e-03
1.464488749999873107e+01 1.489700000000000024e+01 1.000000000000000021e-02
1.570138749999750871e+01 1.490700000000000003e+01 1.099999999999999936e-02
1.664508750000095461e+01 1.488899999999999935e+01 1.299999999999999940e-02
