-8.347031249999417923e+00 1.636199999999999832e+01 2.199999999999999872e-02
-5.365031250003085006e+00 1.601999999999999957e+01 2.699999999999999969e-02
-1.308031250002386514e+00 1.592399999999999949e+01 2.199999999999999872e-02
-3.430312499986030161e-01 1.598300000000000054e+01 2.199999999999999872e-02
1.616968750000523869e+00 1.604500000000000171e+01 1.899999999999999953e-02
9.720968749999883585e+00 1.643799999999999883e+01 2.299999999999999961e-02
1.564296874999854481e+01 1.669950000000000045e+01 2.088659857420542207e-02
1.667796875000203727e+01 1.660399999999999920e+01 2.199999999999999872e-02
2.667296874999738066e+01 1.649699999999999989e+01 2.299999999999999961e-02
3.163996875000157161e+01 1.674899999999999878e+01 2.400000000000000050e-02
3.366096875000221189e+01 1.680900000000000105e+01 4.000000000000000083e-02
