-6.232156250000116415e+00 1.614600000000000080e+01 2.670674072214728606e-02
-3.234156250000523869e+00 1.520800000000000018e+01 2.699999999999999969e-02
-2.224156249998486601e+00 1.503899999999999970e+01 3.699999999999999817e-02
-2.331562499966821633e-01 1.469400000000000084e+01 2.900000000000000147e-02
7.828437499993015081e-01 1.456000000000000050e+01 2.500000000000000139e-02
1.739843750001455192e+00 1.450399999999999956e+01 4.499999999999999833e-02
8.684843750001164153e+00 1.440099999999999980e+01 2.999999999999999889e-02
1.075484375000087311e+01 1.447600000000000087e+01 3.300000000000000155e-02
1.172884375000285218e+01 1.448399999999999999e+01 2.800000000000000058e-02
1.274384375000227010e+01 1.454599999999999937e+01 3.300000000000000155e-02
1.571584374999656575e+01 1.468500000000000050e+01 2.800000000000000058e-02
1.772584374999860302e+01 1.480799999999999983e+01 3.500000000000000333e-02
1.873184374999982538e+01 1.488400000000000034e+01 2.400000000000000050e-02
2.966284374999668216e+01 1.575300000000000011e+01 2.599999999999999881e-02
3.274384375000227010e+01 1.597199999999999953e+01 2.699999999999999969e-02
3.370784375000221189e+01 1.600900000000000034e+01 3.099999999999999978e-02
3.459184375000040745e+01 1.606299999999999883e+01 4.299999999999999656e-02
4.563584375000209548e+01 1.656800000000000139e+01 1.899999999999999953e-02
4.960384375000285218e+01 1.676800000000000068e+01 2.699999999999999969e-02
5.664284374999988358e+01 1.712300000000000111e+01 4.000000000000000083e-02
6.955684374999691499e+01 1.748900000000000077e+01 3.599999999999999728e-02
7.056384375000197906e+01 1.752700000000000102e+01 2.900000000000000147e-02
7.257984374999796273e+01 1.756599999999999895e+01 2.699999999999999969e-02
7.959884374999819556e+01 1.780600000000000094e+01 5.700000000000000205e-02
8.155584375000034925e+01 1.783099999999999952e+01 3.500000000000000333e-02
8.355784375000075670e+01 1.786899999999999977e+01 3.500000000000000333e-02
