2.963637499997275881e-01 1.767399999999999949e+01 9.400000000000000022e-02
9.241363749999436550e+00 1.813200000000000145e+01 3.200000000000000067e-02
1.029248375000315718e+01 1.817399999999999949e+01 2.999999999999999889e-02
1.124152375000267057e+01 1.818100000000000094e+01 3.200000000000000067e-02
1.323647375000291504e+01 1.821799999999999997e+01 3.699999999999999817e-02
1.422435375000350177e+01 1.815050000000000097e+01 3.061045573002793563e-02
2.225309374999778811e+01 1.810900000000000176e+01 3.899999999999999994e-02
2.322580374999961350e+01 1.819500000000000028e+01 2.375394704043940625e-02
4.222866375000012340e+01 1.958500000000000085e+01 8.999999999999999667e-02
4.312999375000072177e+01 1.973199999999999932e+01 9.800000000000000377e-02
5.321590375000232598e+01 1.973400000000000176e+01 9.199999999999999845e-02
