2.691466249998484273e+00 1.690399999999999991e+01 2.199999999999999872e-02
7.762956250000570435e+00 1.719099999999999895e+01 5.399999999999999939e-02
8.727636249997885898e+00 1.727100000000000080e+01 2.599999999999999881e-02
9.706226249996689148e+00 1.737900000000000134e+01 2.800000000000000058e-02
1.071849625000322703e+01 1.750700000000000145e+01 2.900000000000000147e-02
1.170523625000350876e+01 1.754899999999999949e+01 3.099999999999999978e-02
1.268952624999656109e+01 1.760300000000000153e+01 3.799999999999999906e-02
2.574089624999760417e+01 1.738800000000000168e+01 2.500000000000000139e-02
3.672162625000055414e+01 1.817599999999999838e+01 4.399999999999999745e-02
4.771852624999883119e+01 1.866600000000000037e+01 5.700000000000000205e-02
5.771051625000109198e+01 1.920400000000000063e+01 4.129999999999999782e-01
