-9.566898750003019813e+00 1.644300000000000139e+01 1.899999999999999953e-02
-8.514208749998942949e+00 1.622800000000000153e+01 1.700000000000000122e-02
-7.625258749998465646e+00 1.610399999999999920e+01 1.799999999999999864e-02
-6.604018749996612314e+00 1.597899999999999920e+01 1.700000000000000122e-02
-1.588068750003003515e+00 1.582799999999999940e+01 1.600000000000000033e-02
3.849512500019045547e-01 1.589100000000000001e+01 1.700000000000000122e-02
1.349061250002705492e+00 1.595899999999999963e+01 2.699999999999999969e-02
2.356091250003373716e+00 1.595700000000000074e+01 2.299999999999999961e-02
5.343851249999715947e+00 1.608099999999999952e+01 1.700000000000000122e-02
6.302101250003033783e+00 1.616199999999999903e+01 2.100000000000000130e-02
7.310261250000621658e+00 1.617999999999999972e+01 1.899999999999999953e-02
1.332289124999806518e+01 1.666000000000000014e+01 2.699999999999999969e-02
1.632584124999993946e+01 1.670400000000000063e+01 1.700000000000000122e-02
1.931276125000294996e+01 1.666000000000000014e+01 1.799999999999999864e-02
2.128896125000028405e+01 1.660800000000000054e+01 1.600000000000000033e-02
2.229697124999802327e+01 1.656400000000000006e+01 2.000000000000000042e-02
3.037291125000047032e+01 1.650700000000000145e+01 2.000000000000000042e-02
3.129441124999721069e+01 1.653099999999999881e+01 1.799999999999999864e-02
3.227113125000323635e+01 1.655900000000000105e+01 1.700000000000000122e-02
3.324896124999941094e+01 1.662699999999999889e+01 1.799999999999999864e-02
4.328368125000270084e+01 1.721399999999999864e+01 2.199999999999999872e-02
5.230907124999794178e+01 1.760999999999999943e+01 2.100000000000000130e-02
7.226778124999691499e+01 1.845599999999999952e+01 6.700000000000000400e-02
