-9.206409999998868443e+00 1.815399999999999991e+01 2.900000000000000147e-02
-5.156779999997525010e+00 1.767000000000000171e+01 2.000000000000000042e-02
-4.393210000002000015e+00 1.761100000000000065e+01 2.999999999999999889e-02
-2.297659999996540137e+00 1.756800000000000139e+01 2.100000000000000130e-02
-3.899299999975482933e-01 1.762900000000000134e+01 2.400000000000000050e-02
6.158700000014505349e-01 1.762600000000000122e+01 2.100000000000000130e-02
4.679830000000947621e+00 1.773049999999999926e+01 1.991230775173987930e-02
6.759810000003199093e+00 1.775199999999999889e+01 2.999999999999999889e-02
7.658080000001064036e+00 1.780049999999999955e+01 1.450000000000000074e-02
8.746270000003278255e+00 1.783599999999999852e+01 2.100000000000000130e-02
9.606659999997646082e+00 1.792050000000000054e+01 3.549999999999897682e-02
2.868710999999893829e+01 1.819099999999999895e+01 3.400000000000000244e-02
3.155236999999760883e+01 1.810500000000000043e+01 4.200000000000000261e-02
3.357473000000027241e+01 1.826599999999999824e+01 4.100000000000000172e-02
4.256642000000283588e+01 1.863899999999999935e+01 3.599999999999999728e-02
4.368362000000342960e+01 1.887099999999999866e+01 4.499999999999999833e-02
5.165157000000181142e+01 1.906500000000000128e+01 7.099999999999999367e-02
5.864405000000260770e+01 1.944500000000000028e+01 7.799999999999999989e-02
6.062346999999863328e+01 1.943799999999999883e+01 9.099999999999999756e-02
6.353889999999955762e+01 1.947400000000000020e+01 7.099999999999999367e-02
6.455737999999837484e+01 1.963899999999999935e+01 6.300000000000000044e-02
6.854604000000108499e+01 1.971600000000000108e+01 7.000000000000000666e-02
6.953145999999833293e+01 1.977700000000000102e+01 9.500000000000000111e-02
7.056581000000005588e+01 1.983999999999999986e+01 8.400000000000000522e-02
7.459272000000055414e+01 1.993799999999999883e+01 1.120000000000000023e-01
8.353392999999778112e+01 2.024299999999999855e+01 1.219999999999999973e-01
1.055483000000022002e+02 2.069699999999999918e+01 2.909999999999999809e-01
