-8.812687500001629815e+00 1.716799999999999926e+01 2.000000000000000042e-02
-8.111317499999131542e+00 1.699299999999999855e+01 1.899999999999999953e-02
-5.878497500001685694e+00 1.667299999999999827e+01 2.699999999999999969e-02
-5.000367499997082632e+00 1.658699999999999974e+01 1.899999999999999953e-02
-3.945597500001895241e+00 1.653300000000000125e+01 2.000000000000000042e-02
-1.917467500003112946e+00 1.661299999999999955e+01 2.299999999999999961e-02
-9.832174999974085949e-01 1.665599999999999881e+01 2.000000000000000042e-02
5.157382500001403969e+00 1.687900000000000134e+01 1.799999999999999864e-02
6.150492499997199047e+00 1.700700000000000145e+01 1.600000000000000033e-02
7.103552499997022096e+00 1.707100000000000151e+01 4.200000000000000261e-02
8.079282500002591405e+00 1.721799999999999997e+01 2.400000000000000050e-02
1.004177250000066124e+01 1.740099999999999980e+01 2.199999999999999872e-02
1.106717249999928754e+01 1.739000000000000057e+01 2.599999999999999881e-02
2.396313250000093831e+01 1.722299999999999898e+01 1.899999999999999953e-02
2.496535250000306405e+01 1.730300000000000082e+01 2.100000000000000130e-02
2.613822249999793712e+01 1.743199999999999861e+01 3.099999999999999978e-02
3.301370250000036322e+01 1.793599999999999994e+01 2.599999999999999881e-02
3.504264249999687308e+01 1.805499999999999972e+01 2.599999999999999881e-02
3.593745250000210945e+01 1.809799999999999898e+01 2.599999999999999881e-02
3.694164250000176253e+01 1.813500000000000156e+01 2.500000000000000139e-02
3.891403249999711988e+01 1.824099999999999966e+01 3.300000000000000155e-02
4.092062250000162749e+01 1.834199999999999875e+01 3.400000000000000244e-02
4.403827250000176718e+01 1.845700000000000074e+01 3.599999999999999728e-02
4.603803250000055414e+01 1.861899999999999977e+01 5.199999999999999761e-02
4.899193250000098487e+01 1.872800000000000153e+01 5.099999999999999672e-02
4.996256249999714782e+01 1.880099999999999838e+01 4.399999999999999745e-02
5.497179250000044703e+01 1.893833333333333613e+01 4.101625693957620250e-02
7.198867250000330387e+01 1.961449999999999960e+01 5.099019513592784741e-02
8.102073250000103144e+01 2.003099999999999881e+01 1.859999999999999987e-01
8.989280249999865191e+01 2.062099999999999866e+01 2.530000000000000027e-01
