-4.573712500001420267e+00 1.466999999999999993e+01 1.200000000000000025e-02
-3.495682499997201376e+00 1.460699999999999932e+01 1.400000000000000029e-02
4.258374999990337528e-01 1.470700000000000074e+01 1.499999999999999944e-02
7.443307499997899868e+00 1.517600000000000016e+01 1.600000000000000033e-02
8.421747499996854458e+00 1.529100000000000037e+01 1.499999999999999944e-02
9.436937500002386514e+00 1.539199999999999946e+01 1.400000000000000029e-02
1.146827749999647494e+01 1.550900000000000034e+01 1.499999999999999944e-02
1.946730750000278931e+01 1.539600000000000080e+01 1.400000000000000029e-02
2.042324750000261702e+01 1.539899999999999913e+01 1.600000000000000033e-02
2.145809749999898486e+01 1.539899999999999913e+01 1.600000000000000033e-02
2.242441749999852618e+01 1.538899999999999935e+01 1.700000000000000122e-02
2.447408749999885913e+01 1.539799999999999969e+01 1.700000000000000122e-02
2.941091749999759486e+01 1.572300000000000075e+01 1.400000000000000029e-02
3.143762750000314554e+01 1.590700000000000003e+01 1.499999999999999944e-02
3.941238750000047730e+01 1.638299999999999912e+01 1.499999999999999944e-02
4.041759750000346685e+01 1.644500000000000028e+01 1.600000000000000033e-02
4.240050750000227708e+01 1.654500000000000171e+01 1.400000000000000029e-02
4.340338750000228174e+01 1.660999999999999943e+01 1.400000000000000029e-02
5.038580750000255648e+01 1.690200000000000102e+01 1.600000000000000033e-02
5.136125750000064727e+01 1.692899999999999849e+01 1.700000000000000122e-02
5.838481750000210013e+01 1.724399999999999977e+01 1.700000000000000122e-02
7.032659750000311760e+01 1.769900000000000162e+01 2.299999999999999961e-02
7.230461749999813037e+01 1.776300000000000168e+01 2.699999999999999969e-02
7.733174750000034692e+01 1.795200000000000173e+01 2.500000000000000139e-02
8.334549749999860069e+01 1.803000000000000114e+01 6.500000000000000222e-02
8.627301750000333413e+01 1.830099999999999838e+01 3.099999999999999978e-02
1.012809974999981932e+02 1.878000000000000114e+01 4.200000000000000261e-02
1.022833874999996624e+02 1.876500000000000057e+01 4.200000000000000261e-02
1.032161475000029895e+02 1.881500000000000128e+01 4.499999999999999833e-02
1.051953274999978021e+02 1.885800000000000054e+01 4.900000000000000189e-02
