-9.218463750003138557e+00 1.813700000000000045e+01 2.000000000000000042e-02
-8.053943749997415580e+00 1.790099999999999980e+01 2.199999999999999872e-02
-7.259743750000779983e+00 1.782999999999999829e+01 3.699999999999999817e-02
-3.021513749998121057e+00 1.766199999999999903e+01 3.599999999999999728e-02
-1.155683750002935994e+00 1.768800000000000239e+01 2.200000000000024158e-02
-2.173337499989429489e-01 1.771099999999999852e+01 1.899999999999999953e-02
7.813062499990337528e-01 1.774199999999999733e+01 1.562049935181330888e-02
3.883536250003089663e+00 1.782999999999999829e+01 2.100000000000000130e-02
4.942576250003185123e+00 1.782900000000000063e+01 1.799999999999999864e-02
5.898776249996444676e+00 1.788800000000000168e+01 1.899999999999999953e-02
6.925576250003359746e+00 1.791799999999999926e+01 1.799999999999999864e-02
8.875476250002975576e+00 1.805499999999999972e+01 2.100000000000000130e-02
1.289645624999684514e+01 1.840500000000000114e+01 2.500000000000000139e-02
1.694199625000328524e+01 1.856700000000000017e+01 2.900000000000000147e-02
1.790671624999959022e+01 1.858699999999999974e+01 3.899999999999999994e-02
2.090486624999903142e+01 1.849200000000000088e+01 3.599999999999999728e-02
2.587309624999761581e+01 1.840099999999999980e+01 3.500000000000000333e-02
2.887415624999994179e+01 1.831700000000000017e+01 2.599999999999999881e-02
3.389617624999664258e+01 1.839199999999999946e+01 2.400000000000000050e-02
4.191888625000137836e+01 1.891400000000000148e+01 5.399999999999999939e-02
5.486117625000042608e+01 1.933800000000000097e+01 1.199999999999999956e-01
5.587391624999872874e+01 1.945299999999999940e+01 1.310000000000000053e-01
