-5.875141249998705462e+00 1.720599999999999952e+01 2.100000000000000130e-02
-8.950412499980302528e-01 1.710200000000000031e+01 2.100000000000000130e-02
1.228548749997571576e+00 1.721000000000000085e+01 2.100000000000000130e-02
2.190498750002007000e+00 1.717699999999999960e+01 5.700000000000000205e-02
4.999258750001899898e+00 1.719600000000000151e+01 2.599999999999999881e-02
6.125018749997252598e+00 1.731400000000000006e+01 2.100000000000000130e-02
7.042298749998735730e+00 1.735300000000000153e+01 2.599999999999999881e-02
8.050418749997334089e+00 1.742800000000000082e+01 3.099999999999999978e-02
1.009860874999867519e+01 1.753450000000000131e+01 3.560898762952971475e-02
1.104773874999955297e+01 1.764199999999999946e+01 2.500000000000000139e-02
1.205195875000208616e+01 1.774699999999999989e+01 3.500000000000000333e-02
1.406760875000327360e+01 1.771099999999999852e+01 3.599999999999999728e-02
1.504612875000020722e+01 1.770100000000000051e+01 3.799999999999999906e-02
1.594882874999893829e+01 1.774699999999999989e+01 3.099999999999999978e-02
1.707025874999817461e+01 1.762800000000000011e+01 2.900000000000000147e-02
1.799203875000239350e+01 1.770700000000000074e+01 2.500000000000000139e-02
1.905055875000107335e+01 1.764699999999999847e+01 3.699999999999999817e-02
2.000679875000059837e+01 1.764799999999999969e+01 2.800000000000000058e-02
2.205826874999911524e+01 1.766700000000000159e+01 2.299999999999999961e-02
2.306681874999776483e+01 1.761100000000000065e+01 2.299999999999999961e-02
2.504242874999908963e+01 1.767299999999999827e+01 2.400000000000000050e-02
3.116459875000145985e+01 1.805999999999999872e+01 3.699999999999999817e-02
3.202269874999910826e+01 1.815899999999999892e+01 3.099999999999999978e-02
3.302838874999724794e+01 1.818400000000000105e+01 3.599999999999999728e-02
3.397690875000262167e+01 1.830199999999999960e+01 3.400000000000000244e-02
3.521964874999684980e+01 1.837399999999999878e+01 3.799999999999999906e-02
3.605097874999773921e+01 1.850900000000000034e+01 4.200000000000000261e-02
3.918716875000245636e+01 1.855999999999999872e+01 4.100000000000000172e-02
3.998049875000288012e+01 1.875600000000000023e+01 7.299999999999999545e-02
4.103780874999938533e+01 1.858800000000000097e+01 4.700000000000000011e-02
4.403740875000221422e+01 1.883099999999999952e+01 1.680000000000000104e-01
