4.075188750000961591e+00 1.593500000000000050e+01 1.600000000000000033e-02
5.955638749997888226e+00 1.592300000000000004e+01 1.200000000000000025e-02
7.038418750002165325e+00 1.597499999999999964e+01 1.400000000000000029e-02
7.999178749996644910e+00 1.605399999999999849e+01 1.499999999999999944e-02
9.001868749997811392e+00 1.614699999999999847e+01 1.400000000000000029e-02
1.099289875000249594e+01 1.638700000000000045e+01 1.700000000000000122e-02
1.909606874999735737e+01 1.651099999999999923e+01 1.600000000000000033e-02
1.994047875000251224e+01 1.648400000000000176e+01 1.799999999999999864e-02
2.194789874999696622e+01 1.645400000000000063e+01 1.600000000000000033e-02
2.294310874999791849e+01 1.650600000000000023e+01 2.699999999999999969e-02
2.895462874999793712e+01 1.660300000000000153e+01 1.600000000000000033e-02
2.994424874999822350e+01 1.671999999999999886e+01 1.700000000000000122e-02
3.096847875000094064e+01 1.679100000000000037e+01 1.600000000000000033e-02
4.096003875000315020e+01 1.744200000000000017e+01 2.599999999999999881e-02
4.288586875000328291e+01 1.746300000000000097e+01 3.200000000000000067e-02
4.594567875000211643e+01 1.773499999999999943e+01 4.499999999999999833e-02
4.992931875000067521e+01 1.786899999999999977e+01 4.100000000000000172e-02
5.092084875000000466e+01 1.784900000000000020e+01 3.400000000000000244e-02
5.390080874999694061e+01 1.810050000000000026e+01 2.749999999999985789e-02
5.587589874999684980e+01 1.807300000000000040e+01 1.330000000000000071e-01
5.988350874999741791e+01 1.829700000000000060e+01 5.000000000000000278e-02
6.984593874999700347e+01 1.862800000000000011e+01 5.899999999999999689e-02
7.585120874999847729e+01 1.899599999999999866e+01 7.900000000000000078e-02
