-4.038589999996474944e+00 1.670460000000000278e+01 2.752889391167032476e-02
-2.990360000003420282e+00 1.668599999999999994e+01 2.400000000000000050e-02
-2.023970000002009328e+00 1.666499999999999915e+01 2.100000000000000130e-02
-5.666999999812105671e-02 1.675199999999999889e+01 2.000000000000000042e-02
5.015659999997296836e+00 1.694500000000000028e+01 2.900000000000000147e-02
7.001839999997173436e+00 1.705600000000000094e+01 2.000000000000000042e-02
1.292846999999892432e+01 1.753200000000000003e+01 2.500000000000000139e-02
1.500454000000172528e+01 1.746999999999999886e+01 2.400000000000000050e-02
1.600725999999849591e+01 1.747299999999999898e+01 2.800000000000000058e-02
1.691442999999708263e+01 1.745700000000000074e+01 2.500000000000000139e-02
1.799534000000130618e+01 1.737999999999999901e+01 2.800000000000000058e-02
1.899388999999791849e+01 1.735800000000000054e+01 2.199999999999999872e-02
2.197808000000077300e+01 1.726399999999999935e+01 2.500000000000000139e-02
2.682229999999981374e+01 1.726699999999999946e+01 2.800000000000000058e-02
3.099489999999786960e+01 1.765599999999999881e+01 3.099999999999999978e-02
3.682078000000183238e+01 1.802299999999999969e+01 3.699999999999999817e-02
4.594728999999642838e+01 1.849800000000000111e+01 3.300000000000000155e-02
4.792646999999851687e+01 1.858899999999999864e+01 3.300000000000000155e-02
5.087262999999802560e+01 1.866000000000000014e+01 4.000000000000000083e-02
5.280008999999699881e+01 1.873199999999999932e+01 4.000000000000000083e-02
5.574089999999705469e+01 1.898400000000000176e+01 5.000000000000000278e-02
5.879492000000027474e+01 1.914199999999999946e+01 8.899999999999999578e-02
6.375293999999848893e+01 1.936299999999999955e+01 7.499999999999999722e-02
7.591027000000030966e+01 1.962999999999999901e+01 2.139999999999999958e-01
7.680432000000291737e+01 1.992200000000000060e+01 1.990000000000000102e-01
7.781306000000040513e+01 1.980399999999999849e+01 1.300000000000000044e-01
7.868237999999837484e+01 1.983599999999999852e+01 1.310000000000000053e-01
8.478508999999758089e+01 2.002299999999999969e+01 1.479999999999999927e-01
