-7.014043750001292210e+00 1.879200000000000159e+01 5.099999999999999672e-02
-6.050843750002968591e+00 1.870700000000000074e+01 5.600000000000000117e-02
-5.041593750000174623e+00 1.852400000000000091e+01 3.699999999999999817e-02
-4.024363750002521556e+00 1.853000000000000114e+01 3.799999999999999906e-02
-3.027613749996817205e+00 1.854799999999999827e+01 4.900000000000000189e-02
-1.038943749997997656e+00 1.855600000000000094e+01 5.500000000000000028e-02
9.662062499992316589e-01 1.846900000000000119e+01 6.099999999999999867e-02
4.968336249999993015e+00 1.855499999999999972e+01 5.500000000000000028e-02
5.963096250001399312e+00 1.854400000000000048e+01 5.199999999999999761e-02
6.980556249996880069e+00 1.858299999999999841e+01 5.399999999999999939e-02
8.933596249997208361e+00 1.875700000000000145e+01 1.199999999999999956e-01
1.094116624999878695e+01 1.875900000000000034e+01 5.800000000000000294e-02
1.694995624999864958e+01 1.911899999999999977e+01 9.800000000000000377e-02
1.793273624999710592e+01 1.922400000000000020e+01 1.479999999999999927e-01
