-4.536466249999648426e+00 1.736499999999999844e+01 2.199999999999999872e-02
-3.590826250001555309e+00 1.735800000000000054e+01 1.700000000000000122e-02
-2.588236249997862615e+00 1.735699999999999932e+01 1.799999999999999864e-02
-1.480106249997334089e+00 1.738599999999999923e+01 2.100000000000000130e-02
-5.112862500027404167e-01 1.739499999999999957e+01 1.899999999999999953e-02
7.457833749998826534e+00 1.757199999999999918e+01 2.100000000000000130e-02
8.444463749998249114e+00 1.770200000000000173e+01 2.500000000000000139e-02
1.044535375000123167e+01 1.779400000000000048e+01 2.412985702402730553e-02
1.245692375000362517e+01 1.786899999999999977e+01 3.599999999999999728e-02
1.747807374999683816e+01 1.821799999999999997e+01 3.599999999999999728e-02
1.951485374999901978e+01 1.821199999999999974e+01 3.099999999999999978e-02
2.748376375000225380e+01 1.803099999999999881e+01 2.699999999999999969e-02
2.846986374999687541e+01 1.807399999999999807e+01 2.663174797117155018e-02
2.942790375000186032e+01 1.801500000000000057e+01 2.000000000000000042e-02
3.047490375000052154e+01 1.800199999999999889e+01 2.599999999999999881e-02
3.147352374999900348e+01 1.801500000000000057e+01 2.999999999999999889e-02
3.449123374999908265e+01 1.805799999999999983e+01 2.699999999999999969e-02
3.841962375000002794e+01 1.830700000000000216e+01 4.999999999999894112e-02
3.933504374999756692e+01 1.843199999999999861e+01 5.199999999999999761e-02
4.241717375000007451e+01 1.852400000000000091e+01 8.000000000000000167e-02
4.351065375000325730e+01 1.855699999999999861e+01 5.800000000000000294e-02
4.444593375000113156e+01 1.858800000000000097e+01 5.500000000000000028e-02
4.938654374999896390e+01 1.879400000000000048e+01 4.200000000000000261e-02
6.338591374999668915e+01 1.949099999999999966e+01 1.580000000000000016e-01
6.526663374999770895e+01 1.939099999999999824e+01 1.690000000000000113e-01
6.924058374999731313e+01 1.987600000000000122e+01 2.290000000000000091e-01
7.226055374999850756e+01 2.005099999999999838e+01 1.910000000000000031e-01
8.931167375000222819e+01 2.045100000000000051e+01 1.150000000000000050e-01
9.032059375000244472e+01 2.048100000000000165e+01 1.449999999999999900e-01
9.316762374999962049e+01 2.063400000000000034e+01 1.920000000000000040e-01
9.729309374999866122e+01 2.065200000000000102e+01 1.980000000000000093e-01
