-4.079062500000873115e+00 1.877299999999999969e+01 4.800000000000000100e-02
-2.130062500000349246e+00 1.866000000000000014e+01 4.700000000000000011e-02
-1.035062499999185093e+00 1.870400000000000063e+01 5.199999999999999761e-02
8.689375000030850060e-01 1.851099999999999923e+01 7.099999999999999367e-02
1.877937500001280569e+00 1.864699999999999847e+01 4.599999999999999922e-02
3.936937500002386514e+00 1.864999999999999858e+01 5.500000000000000028e-02
1.191493749999790452e+01 1.941300000000000026e+01 9.800000000000000377e-02
1.286993749999965075e+01 1.935900000000000176e+01 8.799999999999999489e-02
1.390393749999930151e+01 1.928600000000000136e+01 7.699999999999999900e-02
1.785093749999941792e+01 1.894999999999999929e+01 7.000000000000000666e-02
2.077993750000314321e+01 1.916300000000000026e+01 6.900000000000000577e-02
2.385793749999720603e+01 1.914499999999999957e+01 5.899999999999999689e-02
3.185793749999720603e+01 1.990099999999999980e+01 1.140000000000000041e-01
3.285693750000064028e+01 2.014799999999999969e+01 1.479999999999999927e-01
3.884593750000203727e+01 2.077199999999999847e+01 2.340000000000000135e-01
