-7.859687500022118911e-01 1.729500000000000171e+01 1.899999999999999953e-02
2.130312500012223609e-01 1.728500000000000014e+01 1.899999999999999953e-02
1.284031249997497071e+00 1.726699999999999946e+01 2.699999999999999969e-02
2.077031250002619345e+00 1.728399999999999892e+01 2.699999999999999969e-02
3.089031249997788109e+00 1.732700000000000173e+01 2.500000000000000139e-02
4.080031249999592546e+00 1.729599999999999937e+01 2.400000000000000050e-02
5.281031250000523869e+00 1.729700000000000060e+01 2.000000000000000042e-02
6.214031249997788109e+00 1.731700000000000017e+01 2.100000000000000130e-02
7.065031250000174623e+00 1.731500000000000128e+01 2.400000000000000050e-02
1.021803124999860302e+01 1.736700000000000088e+01 2.900000000000000147e-02
1.115703124999708962e+01 1.747299999999999898e+01 3.500000000000000333e-02
1.822003124999901047e+01 1.762149999999999750e+01 1.773414785096820087e-02
2.326403125000069849e+01 1.760500000000000043e+01 1.899999999999999953e-02
3.021303125000122236e+01 1.781400000000000006e+01 2.400000000000000050e-02
3.421203124999738066e+01 1.800100000000000122e+01 3.200000000000000067e-02
3.517203124999650754e+01 1.806800000000000139e+01 2.999999999999999889e-02
3.822303125000325963e+01 1.826999999999999957e+01 4.100000000000000172e-02
4.315903124999749707e+01 1.856400000000000006e+01 7.699999999999999900e-02
5.117103124999994179e+01 1.862399999999999878e+01 3.599999999999999728e-02
7.210303125000064028e+01 1.910300000000000153e+01 1.019999999999999934e-01
