-9.294002499998896383e+00 1.455499999999999972e+01 1.799999999999999864e-02
-8.351942499997676350e+00 1.432349999999999923e+01 1.237941840313994818e-02
-7.302882500000123400e+00 1.413799999999999990e+01 1.241974234837421934e-02
-6.355832499997632112e+00 1.400049999999999883e+01 1.171537451385998123e-02
-2.450024999998277053e-01 1.384900000000000020e+01 2.800000000000000058e-02
6.771375000025727786e-01 1.383600000000000030e+01 2.500000000000035527e-02
1.679557499999646097e+00 1.386599999999999966e+01 1.499999999999999944e-02
2.687167500000214204e+00 1.387849999999999895e+01 1.167261752992875164e-02
3.636977499998465646e+00 1.398199999999999932e+01 3.099999999999999978e-02
6.606537500003469177e+00 1.403200000000000003e+01 2.199999999999999872e-02
8.631097500001487788e+00 1.420199999999999996e+01 1.600000000000000033e-02
9.601757500000530854e+00 1.434999999999999964e+01 4.200000000000000261e-02
1.067689750000135973e+01 1.438850000000000051e+01 1.060660171779821345e-02
1.264529749999928754e+01 1.450300000000000011e+01 1.799999999999999864e-02
1.366506749999825843e+01 1.449449999999999861e+01 1.171537451385998123e-02
1.466784750000078930e+01 1.447599999999999909e+01 1.131370849898476021e-02
1.771328750000247965e+01 1.438700000000000045e+01 1.799999999999999864e-02
2.161077749999822117e+01 1.426600000000000001e+01 1.600000000000000033e-02
2.562434750000102213e+01 1.422000000000000064e+01 1.700000000000000122e-02
2.675133749999804422e+01 1.419800000000000040e+01 1.600000000000000033e-02
2.762327750000258675e+01 1.424000000000000021e+01 2.191460700081112462e-02
2.964885749999666587e+01 1.434200000000000053e+01 1.600000000000000033e-02
3.166041750000294996e+01 1.451200000000000045e+01 1.299999999999999940e-02
3.251425749999907566e+01 1.458600000000000030e+01 1.484082207965583058e-02
4.162940749999688705e+01 1.511899999999999977e+01 1.600000000000000033e-02
4.258387750000110827e+01 1.516300000000000026e+01 1.700000000000000122e-02
4.359843749999708962e+01 1.517600000000000016e+01 2.100000000000000130e-02
4.660928750000311993e+01 1.534299999999999997e+01 1.499999999999999944e-02
4.851691749999736203e+01 1.538499999999999979e+01 1.600000000000000033e-02
5.453382750000309898e+01 1.563000000000000078e+01 1.600000000000000033e-02
5.551222750000306405e+01 1.567999999999999972e+01 1.799999999999999864e-02
5.753623749999678694e+01 1.573799999999999955e+01 2.100000000000000130e-02
6.252456749999691965e+01 1.592999999999999972e+01 1.600000000000000033e-02
6.353343750000203727e+01 1.598199999999999932e+01 1.799999999999999864e-02
7.162701750000269385e+01 1.625300000000000011e+01 1.899999999999999953e-02
7.243239750000066124e+01 1.627799999999999869e+01 1.799999999999999864e-02
7.443552749999798834e+01 1.635000000000000142e+01 1.799999999999999864e-02
8.147701750000123866e+01 1.660699999999999932e+01 3.099999999999999978e-02
9.349476750000030734e+01 1.695899999999999963e+01 2.100000000000000130e-02
1.045403674999979557e+02 1.733699999999999974e+01 3.500000000000000333e-02
1.175037975000013830e+02 1.767000000000000171e+01 2.599999999999999881e-02
1.524213275000001886e+02 1.840099999999999980e+01 6.400000000000000133e-02
