-1.034922250000090571e+01 1.739050000000000296e+01 2.350000000000029843e-02
-9.609402499998395797e+00 1.720400000000000063e+01 2.000000000000000042e-02
-7.377322499996807892e+00 1.676699999999999946e+01 2.400000000000000050e-02
-6.497972500001196750e+00 1.666150000000000020e+01 1.486606874731850533e-02
-5.448262500001874287e+00 1.656700000000000017e+01 1.799999999999999864e-02
-3.420172500002081506e+00 1.648900000000000077e+01 2.000000000000000042e-02
-2.486562500002037268e+00 1.645799999999999841e+01 1.899999999999999953e-02
-4.408225000006495975e-01 1.648100000000000165e+01 2.999999999999999889e-02
3.653787499999452848e+00 1.654799999999999827e+01 1.600000000000000033e-02
4.647577499999897555e+00 1.659199999999999875e+01 1.700000000000000122e-02
5.570007499998610001e+00 1.667599999999999838e+01 5.099999999999999672e-02
6.604147500002000015e+00 1.666000000000000014e+01 1.700000000000000122e-02
8.497877499998139683e+00 1.676599999999999824e+01 1.400000000000000029e-02
9.565337499996530823e+00 1.683200000000000074e+01 2.100000000000000130e-02
1.540650750000349944e+01 1.728999999999999915e+01 1.899999999999999953e-02
1.947813750000204891e+01 1.732499999999999929e+01 2.299999999999999961e-02
2.246642750000319211e+01 1.724200000000000088e+01 2.199999999999999872e-02
2.346823749999748543e+01 1.720899999999999963e+01 2.100000000000000130e-02
2.454416749999654712e+01 1.720599999999999952e+01 2.199999999999999872e-02
2.546179750000010245e+01 1.721600000000000108e+01 2.400000000000000050e-02
2.944669750000321073e+01 1.708500000000000085e+01 2.100000000000000130e-02
3.057616750000306638e+01 1.703600000000000136e+01 3.300000000000000155e-02
3.151058750000083819e+01 1.706700000000000017e+01 1.899999999999999953e-02
3.353936750000139000e+01 1.710000000000000142e+01 1.600000000000000033e-02
3.751445750000129919e+01 1.736199999999999832e+01 2.000000000000000042e-02
3.941934749999927590e+01 1.745100000000000051e+01 1.799999999999999864e-02
4.258238749999873107e+01 1.765299999999999869e+01 2.199999999999999872e-02
4.455071750000206521e+01 1.779299999999999926e+01 4.599999999999999922e-02
4.845916749999742024e+01 1.798199999999999932e+01 3.099999999999999978e-02
5.337382749999960652e+01 1.822850000000000037e+01 6.350000000000122213e-02
5.445519749999948544e+01 1.833800000000000097e+01 3.099999999999999978e-02
6.751037750000250526e+01 1.884799999999999898e+01 5.899999999999999689e-02
7.042665750000014668e+01 1.883149999999999835e+01 3.113278015211619343e-02
7.951960749999852851e+01 1.907600000000000051e+01 5.899999999999999689e-02
9.033681749999959720e+01 1.953300000000000125e+01 1.710000000000000131e-01
9.131334749999950873e+01 1.965200000000000102e+01 1.829999999999999960e-01
9.235186750000139000e+01 1.947700000000000031e+01 1.880000000000000004e-01
9.340350749999925029e+01 1.974099999999999966e+01 1.869999999999999996e-01
9.731396749999839813e+01 1.974500000000000099e+01 1.620000000000000051e-01
1.013170475000006263e+02 1.998600000000000065e+01 1.930000000000000049e-01
1.022794875000035972e+02 1.964600000000000080e+01 1.749999999999999889e-01
1.053784775000021909e+02 2.004299999999999926e+01 1.980000000000000093e-01
1.063030874999967637e+02 2.008699999999999974e+01 2.069999999999999896e-01
1.093802175000018906e+02 2.006200000000000117e+01 2.169999999999999984e-01
1.133340775000033318e+02 2.020700000000000074e+01 2.290000000000000091e-01
1.143206575000003795e+02 1.996999999999999886e+01 2.379999999999999893e-01
1.192976875000022119e+02 2.003099999999999881e+01 2.129999999999999949e-01
1.233169475000031525e+02 2.043199999999999861e+01 2.419999999999999929e-01
1.293200474999975995e+02 2.023699999999999832e+01 2.740000000000000213e-01
