3.454161250003380701e+00 1.794150000000000134e+01 5.009999999999999870e-02
4.380031250002502929e+00 1.797250000000000014e+01 4.839999999999999858e-02
6.342411249999713618e+00 1.817899999999999849e+01 4.379999999999999866e-02
7.471101249997445848e+00 1.834750000000000014e+01 4.390000000000000152e-02
8.311261249997187406e+00 1.831800000000000139e+01 4.290000000000000063e-02
9.359441250002419110e+00 1.850300000000000011e+01 4.739999999999999769e-02
1.029247125000256347e+01 1.848600000000000065e+01 5.659999999999999754e-02
1.330090124999696855e+01 1.852400000000000091e+01 5.550000000000000072e-02
1.432543124999938300e+01 1.854550000000000054e+01 8.970000000000000195e-02
1.726370124999812106e+01 1.838050000000000139e+01 4.420000000000000318e-02
1.829428124999685679e+01 1.839349999999999952e+01 6.219999999999999835e-02
2.125105125000118278e+01 1.843799999999999883e+01 4.639999999999999680e-02
2.931058124999981374e+01 1.921849999999999881e+01 1.610000000000000042e-01
3.129125124999700347e+01 1.890050000000000097e+01 1.308999999999999886e-01
3.529471124999690801e+01 1.925700000000000145e+01 8.759999999999999731e-02
4.235365124999952968e+01 1.982700000000000173e+01 1.544000000000000095e-01
5.929134124999836786e+01 2.039450000000000074e+01 2.520000000000000018e-01
6.333314124999742489e+01 2.035500000000000043e+01 2.817000000000000060e-01
