3.086205375000281492e+01 1.925900000000000034e+01 1.123999999999999999e-01
3.276279375000012806e+01 1.946499999999999986e+01 1.459999999999999909e-01
3.788053375000163214e+01 1.970400000000000063e+01 1.580999999999999905e-01
3.876710374999674968e+01 1.950600000000000023e+01 1.474999999999999922e-01
3.978969374999724096e+01 1.972100000000000009e+01 1.917999999999999983e-01
4.880112375000317115e+01 1.913599999999999923e+01 9.679999999999999716e-02
5.083856375000323169e+01 1.932000000000000028e+01 1.237000000000000044e-01
5.275276375000248663e+01 1.950799999999999912e+01 1.439000000000000001e-01
5.381311375000223052e+01 1.971499999999999986e+01 1.517999999999999905e-01
6.075262374999874737e+01 2.011700000000000088e+01 2.550999999999999934e-01
6.373122375000093598e+01 2.044099999999999895e+01 3.126999999999999780e-01
6.475336375000188127e+01 2.014249999999999829e+01 3.410000000000000253e-01
6.783678374999726657e+01 2.111199999999999832e+01 3.766999999999999793e-01
7.170409374999871943e+01 2.077349999999999852e+01 3.502000000000000113e-01
7.480753374999767402e+01 2.094050000000000011e+01 3.668000000000000149e-01
7.564654375000100117e+01 2.098000000000000043e+01 3.123000000000000220e-01
7.875148374999844236e+01 2.093599999999999994e+01 3.094000000000000083e-01
