5.355152500000258442e+00 1.716400000000000148e+01 3.910000000000000281e-02
6.310552499999175780e+00 1.715299999999999869e+01 2.589999999999999941e-02
7.379332500000600703e+00 1.719650000000000034e+01 2.419999999999999929e-02
1.043193250000331318e+01 1.725049999999999883e+01 2.549999999999999836e-02
1.136304250000102911e+01 1.721249999999999858e+01 2.690000000000000030e-02
1.228898250000202097e+01 1.722400000000000020e+01 2.330000000000000127e-02
1.430250250000244705e+01 1.721300000000000097e+01 2.719999999999999848e-02
1.730095250000158558e+01 1.723900000000000077e+01 2.350000000000000006e-02
1.933084249999956228e+01 1.727250000000000085e+01 2.680000000000000090e-02
2.633789249999972526e+01 1.742800000000000082e+01 2.280000000000000082e-02
2.827093250000325497e+01 1.751350000000000051e+01 2.929999999999999966e-02
3.427143249999789987e+01 1.770499999999999829e+01 3.219999999999999946e-02
3.531970249999722000e+01 1.781950000000000145e+01 3.339999999999999913e-02
