1.514275250000355300e+01 1.596000000000000085e+01 1.820000000000000090e-02
1.615159249999851454e+01 1.599200000000000088e+01 1.870000000000000134e-02
1.712431249999644933e+01 1.604100000000000037e+01 1.799999999999999864e-02
2.404794250000122702e+01 1.648799999999999955e+01 2.330000000000000127e-02
6.498892250000062631e+01 1.758549999999999969e+01 3.459999999999999881e-02
6.705054250000102911e+01 1.763500000000000156e+01 4.130000000000000338e-02
6.804849249999824679e+01 1.762999999999999901e+01 4.070000000000000007e-02
6.898980250000022352e+01 1.768100000000000094e+01 4.200000000000000261e-02
6.998861249999754364e+01 1.775400000000000134e+01 3.869999999999999829e-02
7.091683249999914551e+01 1.782499999999999929e+01 4.809999999999999692e-02
7.295633249999809777e+01 1.794800000000000040e+01 4.870000000000000023e-02
7.991485249999823282e+01 1.821600000000000108e+01 5.589999999999999830e-02
8.991662250000081258e+01 1.836899999999999977e+01 7.220000000000000029e-02
9.592473250000330154e+01 1.874500000000000099e+01 8.920000000000000151e-02
9.988134249999711756e+01 1.882100000000000151e+01 8.799999999999999489e-02
1.188192324999981793e+02 1.957900000000000063e+01 1.693000000000000060e-01
1.208343525000018417e+02 1.953099999999999881e+01 1.630999999999999950e-01
