-1.833415000000968575e+00 1.801000000000000156e+01 3.769999999999999740e-02
1.133555000000342261e+00 1.800550000000000139e+01 3.339999999999999913e-02
2.192295000000740401e+00 1.801350000000000051e+01 3.699999999999999817e-02
5.163865000002260786e+00 1.804899999999999949e+01 3.470000000000000168e-02
6.214254999998956919e+00 1.804599999999999937e+01 3.309999999999999748e-02
7.138135000001057051e+00 1.810600000000000165e+01 3.520000000000000212e-02
1.219373500000074273e+01 1.839000000000000057e+01 4.170000000000000095e-02
1.313467500000115251e+01 1.853800000000000026e+01 8.669999999999999929e-02
1.621280500000284519e+01 1.856449999999999889e+01 6.389999999999999847e-02
2.012776499999745283e+01 1.857049999999999912e+01 1.728000000000000091e-01
2.219909500000358094e+01 1.852700000000000102e+01 4.760000000000000342e-02
2.322399500000028638e+01 1.841649999999999920e+01 5.009999999999999870e-02
2.416479499999695690e+01 1.840700000000000003e+01 4.150000000000000216e-02
2.516989499999908730e+01 1.837950000000000017e+01 4.100000000000000172e-02
2.625024500000290573e+01 1.837500000000000000e+01 4.569999999999999757e-02
2.712870500000281027e+01 1.838050000000000139e+01 3.919999999999999873e-02
2.922208500000124332e+01 1.835150000000000148e+01 4.309999999999999942e-02
3.014777499999763677e+01 1.838800000000000168e+01 4.510000000000000120e-02
3.116705499999807216e+01 1.842500000000000071e+01 4.349999999999999700e-02
3.401546499999676598e+01 1.853750000000000142e+01 4.070000000000000007e-02
3.700636500000109663e+01 1.862849999999999895e+01 4.830000000000000265e-02
4.112929499999881955e+01 1.901249999999999929e+01 6.959999999999999520e-02
4.217541499999788357e+01 1.904550000000000054e+01 7.049999999999999323e-02
4.309586500000295928e+01 1.905499999999999972e+01 8.480000000000000038e-02
4.910812499999883585e+01 1.930049999999999955e+01 1.356999999999999873e-01
5.102397499999642605e+01 1.933749999999999858e+01 9.020000000000000240e-02
5.511110500000359025e+01 1.938200000000000145e+01 1.373999999999999944e-01
5.617391499999939697e+01 1.948199999999999932e+01 9.120000000000000329e-02
5.806167499999719439e+01 1.967350000000000065e+01 1.163000000000000006e-01
6.995751500000187661e+01 1.998000000000000043e+01 1.403999999999999970e-01
7.195562500000232831e+01 2.007600000000000051e+01 1.754999999999999893e-01
7.907284500000241678e+01 2.023450000000000060e+01 2.510999999999999899e-01
7.998616500000207452e+01 2.036250000000000071e+01 1.945000000000000062e-01
