8.983144999998330604e+00 1.781500000000000128e+01 3.189999999999999780e-02
9.999555000002146699e+00 1.784799999999999898e+01 3.570000000000000256e-02
1.407847500000207219e+01 1.796300000000000097e+01 3.490000000000000047e-02
1.591503499999816995e+01 1.796300000000000097e+01 3.919999999999999873e-02
2.189870499999960884e+01 1.805399999999999849e+01 8.640000000000000457e-02
2.994752500000322470e+01 1.821099999999999852e+01 4.859999999999999737e-02
3.198118499999691267e+01 1.821900000000000119e+01 4.499999999999999833e-02
3.595491500000207452e+01 1.847400000000000020e+01 5.990000000000000185e-02
4.688914500000100816e+01 1.864900000000000091e+01 7.000000000000000666e-02
5.403425499999866588e+01 1.873150000000000048e+01 1.039000000000000062e-01
5.492376499999954831e+01 1.916000000000000014e+01 9.429999999999999494e-02
5.602744499999971595e+01 1.911199999999999832e+01 9.389999999999999736e-02
5.695081499999650987e+01 1.915200000000000102e+01 8.609999999999999598e-02
5.801731499999732478e+01 1.901500000000000057e+01 8.519999999999999796e-02
5.885697500000242144e+01 1.910200000000000031e+01 9.819999999999999563e-02
5.995692499999859137e+01 1.924299999999999855e+01 9.500000000000000111e-02
6.083561500000359956e+01 1.921600000000000108e+01 1.226000000000000006e-01
6.381027500000345754e+01 1.933299999999999841e+01 1.038000000000000034e-01
6.492123500000161584e+01 1.941700000000000159e+01 1.574000000000000121e-01
6.792564500000298722e+01 1.937999999999999901e+01 1.250000000000000000e-01
7.181738500000210479e+01 1.952899999999999991e+01 1.365000000000000102e-01
8.178388499999709893e+01 2.000700000000000145e+01 2.097999999999999865e-01
8.387650500000017928e+01 2.009199999999999875e+01 3.311999999999999944e-01
8.583929499999794643e+01 2.011299999999999955e+01 2.906000000000000250e-01
9.176111500000115484e+01 2.032400000000000162e+01 2.369999999999999885e-01
9.292189499999949476e+01 2.031599999999999895e+01 2.195999999999999897e-01
1.008053450000006706e+02 2.010399999999999920e+01 2.119999999999999940e-01
