9.951486250000016298e+00 1.780999999999999872e+01 2.450000000000000094e-02
1.199648624999827007e+01 1.795899999999999963e+01 2.960000000000000131e-02
1.588892625000153203e+01 1.814900000000000091e+01 4.669999999999999846e-02
1.781474624999827938e+01 1.797599999999999909e+01 3.320000000000000034e-02
2.490345625000190921e+01 1.779899999999999949e+01 2.900000000000000147e-02
2.683796625000104541e+01 1.791600000000000037e+01 4.719999999999999890e-02
2.784735625000030268e+01 1.789999999999999858e+01 5.099999999999999672e-02
3.198692624999966938e+01 1.796099999999999852e+01 3.280000000000000276e-02
3.293395625000266591e+01 1.810900000000000176e+01 3.740000000000000269e-02
3.396378625000215834e+01 1.811199999999999832e+01 3.239999999999999825e-02
3.487447624999913387e+01 1.823600000000000065e+01 3.869999999999999829e-02
3.584412624999822583e+01 1.816300000000000026e+01 4.900000000000000189e-02
4.093219625000347150e+01 1.857349999999999923e+01 4.139999999999999930e-02
4.180492624999897089e+01 1.873400000000000176e+01 8.640000000000000457e-02
4.381106624999665655e+01 1.868100000000000094e+01 4.320000000000000229e-02
4.787633625000307802e+01 1.880699999999999861e+01 5.899999999999999689e-02
4.890395624999655411e+01 1.902449999999999974e+01 8.480000000000000038e-02
4.987472624999645632e+01 1.907400000000000162e+01 6.460000000000000464e-02
6.087653624999802560e+01 1.955799999999999983e+01 1.083999999999999964e-01
6.688546625000162749e+01 1.959700000000000131e+01 1.239999999999999991e-01
7.196849625000322703e+01 1.965099999999999980e+01 1.353000000000000036e-01
7.385186624999914784e+01 1.990299999999999869e+01 1.612000000000000099e-01
7.894353625000076136e+01 1.999800000000000111e+01 1.869999999999999996e-01
7.996044624999922235e+01 1.994399999999999906e+01 1.456999999999999962e-01
8.690325624999968568e+01 2.009600000000000009e+01 1.549000000000000099e-01
9.096095624999725260e+01 2.020700000000000074e+01 1.794999999999999929e-01
9.192355625000345754e+01 2.015749999999999886e+01 2.501999999999999780e-01
1.169155062499994528e+02 2.091649999999999920e+01 3.751999999999999780e-01
1.188157762499977252e+02 2.106850000000000023e+01 3.133000000000000229e-01
