6.846044999998412095e+00 1.664349999999999952e+01 2.319999999999999840e-02
7.849065000002156012e+00 1.668799999999999883e+01 2.719999999999999848e-02
9.919844999996712431e+00 1.675700000000000145e+01 2.539999999999999897e-02
1.187568499999906635e+01 1.671300000000000097e+01 2.189999999999999933e-02
1.293057499999849824e+01 1.665850000000000009e+01 2.340000000000000066e-02
1.387335500000335742e+01 1.668900000000000006e+01 2.249999999999999917e-02
1.988788499999645865e+01 1.650300000000000011e+01 2.560000000000000123e-02
2.090956500000174856e+01 1.650750000000000028e+01 4.669999999999999846e-02
2.589624500000354601e+01 1.644600000000000151e+01 2.369999999999999885e-02
2.784769499999674736e+01 1.655750000000000099e+01 3.090000000000000038e-02
2.984776499999861699e+01 1.666600000000000037e+01 3.910000000000000281e-02
3.078657499999826541e+01 1.676050000000000040e+01 2.120000000000000009e-02
3.288194500000099652e+01 1.689999999999999858e+01 3.370000000000000079e-02
3.384894499999791151e+01 1.697800000000000153e+01 3.660000000000000059e-02
3.788440499999705935e+01 1.716450000000000031e+01 4.920000000000000068e-02
4.077946499999961816e+01 1.728699999999999903e+01 5.659999999999999754e-02
4.783120500000222819e+01 1.755099999999999838e+01 5.140000000000000124e-02
4.984477499999775318e+01 1.777349999999999852e+01 7.069999999999999896e-02
5.279784500000096159e+01 1.780399999999999849e+01 8.509999999999999509e-02
6.072097499999654246e+01 1.846150000000000091e+01 1.988999999999999935e-01
7.081895500000246102e+01 1.865299999999999869e+01 1.529999999999999971e-01
7.766680500000074971e+01 1.895100000000000051e+01 2.305000000000000104e-01
