-4.840720000000146683e+00 1.719500000000000028e+01 1.600000000000000033e-02
-3.844259999998030253e+00 1.717299999999999827e+01 1.700000000000000122e-02
-2.817230000000563450e+00 1.715899999999999892e+01 1.799999999999999864e-02
-4.910999999992782250e-02 1.722299999999999898e+01 2.000000000000000042e-02
1.145349999998870771e+00 1.724200000000000088e+01 1.799999999999999864e-02
2.080809999999473803e+00 1.726300000000000168e+01 1.600000000000000033e-02
3.116939999999885913e+00 1.732499999999999929e+01 2.687005768508880441e-02
5.971899999996821862e+00 1.739799999999999969e+01 1.899999999999999953e-02
8.125359999998181593e+00 1.755600000000000094e+01 2.199999999999999872e-02
9.110390000001643784e+00 1.762800000000000011e+01 2.000000000000000042e-02
1.210850999999820488e+01 1.788200000000000145e+01 2.400000000000000050e-02
1.312030000000231666e+01 1.791199999999999903e+01 2.093442141545831872e-02
1.409255999999732012e+01 1.792699999999999960e+01 2.500000000000000139e-02
1.512645000000338769e+01 1.791600000000000037e+01 2.400000000000000050e-02
1.606796999999642139e+01 1.800600000000000023e+01 3.099999999999999978e-02
1.806291999999666587e+01 1.790500000000000114e+01 4.299999999999999656e-02
2.002341000000160420e+01 1.787400000000000233e+01 2.470323865407125091e-02
2.417719999999826541e+01 1.773300000000000054e+01 2.800000000000000058e-02
2.596796999999787658e+01 1.769600000000000151e+01 2.900000000000000147e-02
2.808761999999842374e+01 1.769200000000000017e+01 1.780449381476485737e-02
3.100050000000192085e+01 1.781700000000000017e+01 2.299999999999999961e-02
