-8.909162499985541217e-01 1.602100000000000080e+01 1.899999999999999953e-02
2.216573750003590249e+00 1.603200000000000003e+01 2.529999999999999957e-02
2.942633749997185078e+00 1.605999999999999872e+01 1.909999999999999892e-02
4.140443750002305023e+00 1.607999999999999829e+01 2.409999999999999989e-02
5.096523749998596031e+00 1.612399999999999878e+01 1.919999999999999832e-02
6.130063750002591405e+00 1.623549999999999827e+01 2.469999999999999973e-02
7.124893749998591375e+00 1.631650000000000134e+01 2.560000000000000123e-02
8.131083749998651911e+00 1.636049999999999827e+01 2.929999999999999966e-02
9.150433750000956934e+00 1.636100000000000065e+01 3.950000000000000039e-02
1.218408374999853550e+01 1.638149999999999906e+01 2.299999999999999961e-02
1.403339375000359723e+01 1.633950000000000102e+01 2.249999999999999917e-02
1.894757375000335742e+01 1.636199999999999832e+01 2.520000000000000018e-02
2.320785374999832129e+01 1.675700000000000145e+01 2.560000000000000123e-02
2.618475374999979977e+01 1.683800000000000097e+01 4.719999999999999890e-02
2.806445374999748310e+01 1.717699999999999960e+01 2.879999999999999921e-02
3.004308375000255182e+01 1.731299999999999883e+01 3.880000000000000115e-02
3.091795375000219792e+01 1.730000000000000071e+01 4.000000000000000083e-02
3.193969374999869615e+01 1.743649999999999878e+01 3.020000000000000115e-02
3.402157374999660533e+01 1.755849999999999866e+01 3.239999999999999825e-02
5.113962375000119209e+01 1.819750000000000156e+01 6.740000000000000158e-02
5.298015375000250060e+01 1.844050000000000011e+01 5.999999999999999778e-02
5.498527374999684980e+01 1.845799999999999841e+01 8.989999999999999380e-02
5.590529375000187429e+01 1.851249999999999929e+01 6.479999999999999649e-02
5.890323375000298256e+01 1.863500000000000156e+01 6.419999999999999318e-02
6.189974375000019791e+01 1.874399999999999977e+01 5.700000000000000205e-02
6.289477374999842141e+01 1.869849999999999923e+01 8.550000000000000655e-02
6.602143375000014203e+01 1.888100000000000023e+01 6.329999999999999516e-02
7.788107375000254251e+01 1.943400000000000105e+01 1.713999999999999968e-01
7.986684375000186265e+01 1.960099999999999909e+01 2.686999999999999944e-01
8.191671374999714317e+01 1.918199999999999861e+01 8.569999999999999840e-02
9.101403374999790685e+01 1.986599999999999966e+01 1.605000000000000038e-01
1.058749137499980861e+02 1.982700000000000173e+01 1.688999999999999946e-01
1.068777337499996065e+02 2.023349999999999937e+01 2.859999999999999765e-01
1.078703837499997462e+02 1.967050000000000054e+01 1.751999999999999946e-01
1.278997537500035833e+02 2.025750000000000028e+01 2.192999999999999949e-01
