3.672062499972525984e-01 1.686149999999999949e+01 2.860000000000000042e-02
5.411766249999345746e+00 1.690800000000000125e+01 4.379999999999999866e-02
9.378406249998079147e+00 1.702499999999999858e+01 4.270000000000000184e-02
1.040814625000348315e+01 1.709700000000000131e+01 3.440000000000000002e-02
1.241853624999930616e+01 1.737650000000000006e+01 4.449999999999999789e-02
1.345178624999971362e+01 1.742899999999999849e+01 4.760000000000000342e-02
1.542219625000143424e+01 1.758650000000000091e+01 6.189999999999999669e-02
1.837891625000338536e+01 1.763050000000000139e+01 4.220000000000000140e-02
2.641050625000207219e+01 1.725700000000000145e+01 4.059999999999999720e-02
2.942325624999648426e+01 1.734199999999999875e+01 4.320000000000000229e-02
3.038007625000318512e+01 1.731749999999999901e+01 3.549999999999999684e-02
3.140059625000139931e+01 1.733749999999999858e+01 3.109999999999999917e-02
3.237292624999827240e+01 1.736299999999999955e+01 4.229999999999999732e-02
3.740338625000003958e+01 1.760699999999999932e+01 4.939999999999999947e-02
3.832947625000088010e+01 1.758999999999999986e+01 4.250000000000000305e-02
3.936454624999896623e+01 1.780249999999999844e+01 4.839999999999999858e-02
4.041949624999688240e+01 1.783950000000000102e+01 5.659999999999999754e-02
4.436964625000109663e+01 1.810750000000000171e+01 7.059999999999999609e-02
5.130080625000118744e+01 1.832250000000000156e+01 7.259999999999999787e-02
5.537898624999797903e+01 1.838250000000000028e+01 8.129999999999999727e-02
5.936739625000336673e+01 1.870700000000000074e+01 8.569999999999999840e-02
1.052848562500003027e+02 1.962249999999999872e+01 2.202000000000000068e-01
1.192256762499964680e+02 1.991000000000000014e+01 3.432999999999999940e-01
1.220987662499974249e+02 2.015950000000000131e+01 3.474999999999999756e-01
1.571362362500003655e+02 2.029949999999999832e+01 2.837999999999999967e-01
