2.101048750002519228e+00 1.803849999999999909e+01 2.989999999999999949e-02
2.986808749999909196e+00 1.809600000000000009e+01 3.839999999999999664e-02
4.045598750002682209e+00 1.805099999999999838e+01 4.080000000000000293e-02
1.303480875000241213e+01 1.876849999999999952e+01 5.920000000000000262e-02
1.406695875000150409e+01 1.881200000000000117e+01 5.750000000000000250e-02
1.507957875000283821e+01 1.890050000000000097e+01 5.970000000000000306e-02
1.702551875000062864e+01 1.876549999999999940e+01 5.179999999999999882e-02
1.804690875000233063e+01 1.880150000000000077e+01 4.649999999999999967e-02
2.305639874999906169e+01 1.861599999999999966e+01 4.700000000000000011e-02
2.802951875000144355e+01 1.852550000000000097e+01 4.669999999999999846e-02
2.899161874999845168e+01 1.853750000000000142e+01 1.059999999999999970e-01
3.795429875000263564e+01 1.919950000000000045e+01 6.149999999999999911e-02
4.000475875000120141e+01 1.925900000000000034e+01 7.169999999999999984e-02
4.097495874999731313e+01 1.943400000000000105e+01 7.499999999999999722e-02
4.294234875000256579e+01 1.946950000000000003e+01 7.989999999999999880e-02
4.594298875000094995e+01 1.958099999999999952e+01 1.024000000000000049e-01
4.700223874999937834e+01 1.964900000000000091e+01 8.319999999999999618e-02
4.984987874999933410e+01 1.989900000000000091e+01 1.158000000000000002e-01
5.285883874999854015e+01 2.015700000000000003e+01 1.585000000000000020e-01
5.698045874999661464e+01 2.038749999999999929e+01 1.927999999999999992e-01
7.092478875000233529e+01 2.045100000000000051e+01 3.019000000000000017e-01
7.199004874999809545e+01 2.077649999999999864e+01 3.156999999999999806e-01
