9.630156250001164153e+00 1.855450000000000088e+01 4.809999999999999692e-02
1.074337625000043772e+01 1.862300000000000111e+01 6.010000000000000064e-02
1.975285625000105938e+01 1.912099999999999866e+01 7.249999999999999500e-02
2.069948624999960884e+01 1.932600000000000051e+01 1.014000000000000040e-01
4.263595625000016298e+01 1.909700000000000131e+01 8.930000000000000437e-02
4.473135624999849824e+01 1.927799999999999869e+01 9.560000000000000442e-02
4.666559625000081724e+01 1.947100000000000009e+01 9.959999999999999409e-02
4.770108625000284519e+01 1.953200000000000003e+01 1.089999999999999997e-01
4.966067625000141561e+01 1.961599999999999966e+01 1.386000000000000010e-01
5.266180624999833526e+01 1.983200000000000074e+01 1.391999999999999904e-01
5.370001624999713385e+01 1.985099999999999909e+01 1.376000000000000001e-01
5.654794625000067754e+01 2.018100000000000094e+01 2.278000000000000025e-01
5.952001624999684282e+01 2.004599999999999937e+01 1.570000000000000007e-01
6.566296624999813503e+01 2.007450000000000045e+01 1.751000000000000056e-01
7.155872624999756226e+01 1.991550000000000153e+01 1.678999999999999937e-01
7.763067625000257976e+01 2.066000000000000014e+01 2.908000000000000029e-01
7.870139624999865191e+01 2.053950000000000031e+01 2.371000000000000052e-01
