4.426453749998472631e+00 1.638200000000000145e+01 2.120000000000000009e-02
9.448763749998761341e+00 1.695599999999999952e+01 2.779999999999999832e-02
1.044480374999693595e+01 1.703600000000000136e+01 5.129999999999999838e-02
1.240717374999803724e+01 1.702899999999999991e+01 2.750000000000000014e-02
2.245255375000124332e+01 1.678000000000000114e+01 3.490000000000000047e-02
2.345998374999908265e+01 1.690700000000000003e+01 4.929999999999999660e-02
2.444475375000183703e+01 1.684550000000000125e+01 2.790000000000000119e-02
6.033777374999772292e+01 1.872599999999999909e+01 7.760000000000000231e-02
6.237718375000258675e+01 1.880799999999999983e+01 8.490000000000000324e-02
6.337558374999935040e+01 1.878549999999999898e+01 5.899999999999999689e-02
6.421695375000126660e+01 1.871999999999999886e+01 1.058000000000000052e-01
6.537092375000065658e+01 1.891400000000000148e+01 8.709999999999999687e-02
6.630869374999747379e+01 1.891199999999999903e+01 8.329999999999999905e-02
6.733168375000241213e+01 1.901200000000000045e+01 8.010000000000000453e-02
6.933390374999726191e+01 1.927100000000000080e+01 1.107000000000000067e-01
7.335368374999961816e+01 1.922800000000000153e+01 1.077000000000000041e-01
7.525243374999990920e+01 1.927700000000000102e+01 1.016999999999999987e-01
8.017072375000134343e+01 1.971600000000000108e+01 1.950999999999999956e-01
8.440926374999980908e+01 2.009199999999999875e+01 3.321999999999999953e-01
8.735236374999658437e+01 1.961700000000000088e+01 1.648999999999999910e-01
8.926793375000124797e+01 1.960300000000000153e+01 1.723000000000000087e-01
9.127993374999641674e+01 1.960300000000000153e+01 1.487999999999999878e-01
1.062074337500016554e+02 2.001000000000000156e+01 2.257000000000000117e-01
1.133191737500019372e+02 2.070799999999999841e+01 3.854000000000000203e-01
1.142020437500032131e+02 2.028200000000000003e+01 2.898999999999999910e-01
1.161887137500016252e+02 2.056850000000000023e+01 2.361999999999999933e-01
1.181632537499972386e+02 2.073300000000000054e+01 3.316000000000000059e-01
1.192783837500028312e+02 2.056599999999999895e+01 3.335000000000000187e-01
1.201437337500028661e+02 2.043550000000000111e+01 3.064999999999999947e-01
1.271627937500015832e+02 2.055750000000000099e+01 2.933000000000000052e-01
