3.150063749999389984e+00 1.653399999999999892e+01 2.120000000000000009e-02
7.202513750002253801e+00 1.654299999999999926e+01 2.179999999999999993e-02
9.218553749997226987e+00 1.660200000000000031e+01 3.559999999999999970e-02
1.722486375000153203e+01 1.686599999999999966e+01 2.809999999999999998e-02
2.227515375000075437e+01 1.708099999999999952e+01 2.929999999999999966e-02
7.309065374999772757e+01 1.855300000000000082e+01 7.320000000000000118e-02
7.517102375000104075e+01 1.862999999999999901e+01 7.570000000000000340e-02
7.624128375000145752e+01 1.867899999999999849e+01 8.820000000000000062e-02
7.715478374999656808e+01 1.874200000000000088e+01 7.539999999999999480e-02
7.814200374999927590e+01 1.864600000000000080e+01 8.400000000000000522e-02
8.622844374999840511e+01 1.894000000000000128e+01 8.609999999999999598e-02
8.804703375000099186e+01 1.896799999999999997e+01 9.610000000000000486e-02
9.514334375000180444e+01 1.932999999999999829e+01 1.431999999999999940e-01
1.040697737500013318e+02 1.933999999999999986e+01 1.656999999999999862e-01
1.080388537499966333e+02 1.943799999999999883e+01 1.285000000000000031e-01
1.269622237500007031e+02 2.008950000000000102e+01 2.305999999999999994e-01
