2.124358750000101281e+01 1.830099999999999838e+01 4.259999999999999898e-02
2.427025750000029802e+01 1.827349999999999852e+01 4.250000000000000305e-02
2.529340750000119442e+01 1.828300000000000125e+01 3.989999999999999797e-02
2.628489750000153435e+01 1.831500000000000128e+01 3.769999999999999740e-02
2.728135749999637483e+01 1.827499999999999858e+01 4.440000000000000197e-02
2.823967750000156229e+01 1.841900000000000048e+01 4.150000000000000216e-02
3.025814749999699416e+01 1.863100000000000023e+01 4.479999999999999954e-02
3.621358750000217697e+01 1.895200000000000173e+01 6.260000000000000286e-02
4.131967750000330852e+01 1.908699999999999974e+01 7.099999999999999367e-02
4.222424750000209315e+01 1.918299999999999983e+01 7.409999999999999920e-02
4.330311749999964377e+01 1.919600000000000151e+01 9.379999999999999449e-02
5.225397749999683583e+01 1.959900000000000020e+01 9.569999999999999341e-02
5.329732749999675434e+01 1.961100000000000065e+01 1.030999999999999972e-01
5.429784749999816995e+01 1.965099999999999980e+01 1.233999999999999958e-01
5.624062750000302913e+01 1.993700000000000117e+01 1.342000000000000137e-01
5.728088749999733409e+01 1.985200000000000031e+01 1.317000000000000115e-01
6.222675750000053085e+01 2.011299999999999955e+01 1.446000000000000063e-01
7.130353750000358559e+01 1.998199999999999932e+01 1.678000000000000047e-01
7.326130749999720138e+01 2.010500000000000043e+01 2.121999999999999997e-01
7.731694750000315253e+01 2.040899999999999892e+01 2.230000000000000038e-01
7.831242750000092201e+01 2.025300000000000011e+01 1.784000000000000030e-01
7.921688749999884749e+01 2.065899999999999892e+01 2.099999999999999922e-01
8.030725749999692198e+01 2.036299999999999955e+01 1.652000000000000135e-01
8.130246749999787426e+01 2.028800000000000026e+01 1.585000000000000020e-01
8.221725750000041444e+01 2.084799999999999898e+01 2.852000000000000091e-01
