3.307848750002449378e+00 1.767800000000000082e+01 3.230000000000000232e-02
1.124577875000250060e+01 1.795499999999999829e+01 3.130000000000000143e-02
1.221459874999709427e+01 1.807000000000000028e+01 3.570000000000000256e-02
1.324280875000113156e+01 1.808399999999999963e+01 2.929999999999999966e-02
1.419065874999796506e+01 1.814000000000000057e+01 3.780000000000000027e-02
1.513919875000283355e+01 1.814900000000000091e+01 3.610000000000000014e-02
1.721759875000134343e+01 1.819099999999999895e+01 5.600000000000000117e-02
2.008966874999896390e+01 1.808699999999999974e+01 4.710000000000000298e-02
2.117194875000132015e+01 1.823199999999999932e+01 3.420000000000000123e-02
2.230887875000189524e+01 1.830699999999999861e+01 4.789999999999999813e-02
3.217213875000015832e+01 1.919900000000000162e+01 1.010000000000000064e-01
3.317309874999773456e+01 1.912000000000000099e+01 7.380000000000000449e-02
3.515104874999815365e+01 1.922899999999999920e+01 6.619999999999999496e-02
4.016094875000271713e+01 1.928399999999999892e+01 7.969999999999999307e-02
4.325008874999912223e+01 1.953500000000000014e+01 8.790000000000000591e-02
4.616041874999791617e+01 1.968400000000000105e+01 1.049999999999999961e-01
4.717317875000298955e+01 1.974099999999999966e+01 1.091000000000000025e-01
5.711325875000329688e+01 2.016000000000000014e+01 1.492999999999999883e-01
6.111330874999839580e+01 2.024899999999999878e+01 1.562999999999999945e-01
8.503980874999979278e+01 2.104200000000000159e+01 3.597000000000000197e-01
