8.189161249996686820e+00 1.772200000000000131e+01 4.859999999999999737e-02
1.119103124999674037e+01 1.790700000000000003e+01 4.429999999999999910e-02
1.221217125000111992e+01 1.807700000000000173e+01 5.410000000000000225e-02
1.527771124999708263e+01 1.841900000000000048e+01 9.059999999999999998e-02
1.920324124999751803e+01 1.846199999999999974e+01 6.710000000000000686e-02
2.717292124999949010e+01 1.819500000000000028e+01 1.335999999999999965e-01
2.915958125000179280e+01 1.822299999999999898e+01 1.464999999999999913e-01
3.317532124999706866e+01 1.859400000000000119e+01 1.539000000000000090e-01
4.030568124999990687e+01 1.872200000000000131e+01 7.580000000000000626e-02
5.516607125000155065e+01 1.922400000000000020e+01 1.264000000000000123e-01
5.618344125000294298e+01 1.949099999999999966e+01 2.200999999999999901e-01
5.723025125000276603e+01 1.992399999999999949e+01 3.184000000000000163e-01
6.219823124999675201e+01 1.971999999999999886e+01 2.524000000000000132e-01
