4.456217500002821907e+00 1.647200000000000131e+01 2.149999999999999828e-02
9.483527500000491273e+00 1.686349999999999838e+01 2.860000000000000042e-02
1.250967749999836087e+01 1.722350000000000136e+01 2.759999999999999953e-02
2.244653749999997672e+01 1.699149999999999849e+01 2.429999999999999868e-02
2.449600749999808613e+01 1.696699999999999875e+01 2.520000000000000018e-02
2.550389749999885680e+01 1.695200000000000173e+01 2.309999999999999901e-02
3.147592750000330852e+01 1.734850000000000136e+01 3.989999999999999797e-02
3.349291749999974854e+01 1.748750000000000071e+01 3.930000000000000160e-02
3.947709749999921769e+01 1.794999999999999929e+01 1.650000000000000078e-01
4.249097749999782536e+01 1.809550000000000125e+01 6.040000000000000230e-02
4.347401749999698950e+01 1.820700000000000074e+01 5.000000000000000278e-02
4.447125750000122935e+01 1.834299999999999997e+01 1.464000000000000024e-01
4.545580750000226544e+01 1.810350000000000037e+01 1.640999999999999959e-01
4.646130750000156695e+01 1.819500000000000028e+01 5.580000000000000238e-02
4.740595749999920372e+01 1.817249999999999943e+01 9.270000000000000462e-02
5.047056750000047032e+01 1.841799999999999926e+01 6.400000000000000133e-02
5.141441749999648891e+01 1.847700000000000031e+01 6.400000000000000133e-02
5.245139750000089407e+01 1.857550000000000168e+01 7.470000000000000251e-02
5.348601749999943422e+01 1.849149999999999849e+01 8.050000000000000211e-02
5.641689749999932246e+01 1.881800000000000139e+01 1.195999999999999980e-01
6.349320750000333646e+01 1.922299999999999898e+01 1.408000000000000085e-01
6.443111749999661697e+01 1.916649999999999920e+01 1.217000000000000026e-01
