-7.431420000000798609e+00 1.440399999999999991e+01 1.559999999999999928e-02
-6.457560000002558809e+00 1.430499999999999972e+01 1.409999999999999969e-02
-5.481710000000020955e+00 1.422499999999999964e+01 1.859999999999999848e-02
2.715989999996963888e+00 1.423000000000000043e+01 1.710000000000000062e-02
3.594570000001112930e+00 1.425500000000000078e+01 1.629999999999999852e-02
5.570480000002135057e+00 1.432000000000000028e+01 1.710000000000000062e-02
7.560839999998279382e+00 1.443299999999999983e+01 1.810000000000000150e-02
8.638209999997343402e+00 1.450350000000000072e+01 1.969999999999999876e-02
9.529390000003331807e+00 1.457900000000000063e+01 1.720000000000000001e-02
1.067431000000215136e+01 1.468800000000000061e+01 2.050000000000000086e-02
1.253190999999787891e+01 1.483500000000000085e+01 1.810000000000000150e-02
1.356386999999813270e+01 1.491399999999999970e+01 1.870000000000000134e-02
1.550037000000156695e+01 1.493500000000000050e+01 1.810000000000000150e-02
1.652754999999888241e+01 1.492399999999999949e+01 1.789999999999999925e-02
2.050011999999696855e+01 1.483399999999999963e+01 1.750000000000000167e-02
2.851294000000052620e+01 1.465450000000000053e+01 1.580000000000000154e-02
3.146710999999777414e+01 1.474099999999999966e+01 1.549999999999999989e-02
3.453607000000192784e+01 1.494800000000000040e+01 1.739999999999999880e-02
4.047750999999698251e+01 1.534900000000000020e+01 1.770000000000000046e-02
5.553141000000323402e+01 1.602400000000000091e+01 2.079999999999999905e-02
5.653278999999747612e+01 1.603800000000000026e+01 1.980000000000000163e-02
5.749543999999877997e+01 1.611400000000000077e+01 1.820000000000000090e-02
5.857078999999794178e+01 1.614900000000000091e+01 2.029999999999999860e-02
6.356749999999738066e+01 1.636400000000000077e+01 2.390000000000000110e-02
7.747643000000243774e+01 1.686700000000000088e+01 2.680000000000000090e-02
8.450304000000323867e+01 1.706099999999999994e+01 4.070000000000000007e-02
