9.185133749997476116e+00 1.830450000000000088e+01 6.900000000000000577e-02
1.023450374999811174e+01 1.844050000000000011e+01 5.720000000000000084e-02
1.231043374999717344e+01 1.850700000000000145e+01 6.669999999999999540e-02
1.330846374999964610e+01 1.867650000000000077e+01 1.199000000000000066e-01
1.429661374999705004e+01 1.859850000000000136e+01 6.140000000000000319e-02
1.528080374999990454e+01 1.869950000000000045e+01 1.140999999999999931e-01
1.732337374999769963e+01 1.878650000000000020e+01 5.809999999999999887e-02
1.835714374999952270e+01 1.882900000000000063e+01 6.759999999999999343e-02
2.234938374999910593e+01 1.927749999999999986e+01 8.519999999999999796e-02
3.030417375000251923e+01 1.954599999999999937e+01 1.184000000000000052e-01
3.128186375000223052e+01 1.996300000000000097e+01 1.932999999999999996e-01
3.232580374999815831e+01 1.982600000000000051e+01 1.661999999999999866e-01
3.422490375000052154e+01 1.986749999999999972e+01 1.401000000000000023e-01
3.724125374999857740e+01 1.997350000000000136e+01 1.852999999999999925e-01
