1.126328249999642139e+01 1.820299999999999940e+01 4.420000000000000318e-02
2.241018250000342960e+01 1.801699999999999946e+01 3.880000000000000115e-02
2.537514250000094762e+01 1.817099999999999937e+01 4.000000000000000083e-02
2.639146250000339933e+01 1.838500000000000156e+01 7.209999999999999742e-02
3.534749249999731546e+01 1.907700000000000173e+01 1.345999999999999974e-01
3.840045249999820953e+01 1.948499999999999943e+01 1.603999999999999870e-01
4.037549250000301981e+01 1.954599999999999937e+01 2.338000000000000078e-01
4.639383249999809777e+01 1.943700000000000117e+01 1.059999999999999970e-01
4.738562249999813503e+01 1.996199999999999974e+01 1.676999999999999880e-01
4.839327249999769265e+01 1.957400000000000162e+01 1.360000000000000098e-01
5.036826250000012806e+01 1.982450000000000045e+01 2.205999999999999905e-01
5.437462249999953201e+01 1.991900000000000048e+01 2.740000000000000213e-01
5.634144250000099419e+01 1.988200000000000145e+01 2.346999999999999920e-01
5.738702249999914784e+01 1.995449999999999946e+01 2.197000000000000064e-01
5.839320250000309898e+01 1.986100000000000065e+01 1.928999999999999881e-01
6.132132249999995111e+01 2.039799999999999969e+01 2.985999999999999766e-01
6.329157249999843771e+01 2.040850000000000009e+01 2.398000000000000131e-01
6.631737250000151107e+01 2.047700000000000031e+01 3.316999999999999948e-01
6.736793249999755062e+01 1.997899999999999920e+01 3.624999999999999889e-01
6.829516249999869615e+01 1.990850000000000009e+01 1.950000000000000067e-01
7.534012249999796040e+01 2.047299999999999898e+01 2.616999999999999882e-01
7.730987250000180211e+01 2.078900000000000148e+01 3.140000000000000013e-01
8.124793250000220723e+01 2.112699999999999889e+01 3.435000000000000275e-01
