-7.813248749997001141e+00 1.739000000000000057e+01 2.809999999999999998e-02
-5.813208749998011626e+00 1.689699999999999847e+01 2.610000000000000167e-02
8.113451249999343418e+00 1.698699999999999832e+01 2.740000000000000074e-02
9.098941249998460989e+00 1.704500000000000171e+01 2.469999999999999973e-02
1.307908124999812571e+01 1.701849999999999952e+01 2.380000000000000171e-02
1.712294125000335043e+01 1.695349999999999824e+01 2.100000000000000130e-02
1.816673124999942956e+01 1.697100000000000009e+01 2.050000000000000086e-02
1.913668124999821885e+01 1.699299999999999855e+01 2.179999999999999993e-02
2.023102125000150409e+01 1.705150000000000077e+01 2.220000000000000098e-02
2.126936125000065658e+01 1.714300000000000068e+01 2.259999999999999856e-02
2.709019124999758787e+01 1.772100000000000009e+01 3.780000000000000027e-02
2.810452125000301749e+01 1.778049999999999997e+01 3.239999999999999825e-02
3.110502124999766238e+01 1.797350000000000136e+01 3.749999999999999861e-02
4.420028124999953434e+01 1.854650000000000176e+01 4.859999999999999737e-02
4.918003124999813735e+01 1.870149999999999935e+01 6.959999999999999520e-02
5.020928124999772990e+01 1.886899999999999977e+01 6.410000000000000420e-02
5.211331125000288012e+01 1.885699999999999932e+01 6.700000000000000400e-02
7.012837125000078231e+01 1.969600000000000151e+01 1.370000000000000107e-01
7.412296125000284519e+01 2.028750000000000142e+01 3.076999999999999735e-01
