-4.065959999999904539e+00 1.671300000000000097e+01 2.790000000000000119e-02
6.992000000027474016e-01 1.672500000000000142e+01 2.750000000000000014e-02
2.849779999996826518e+00 1.681700000000000017e+01 2.089999999999999844e-02
4.828609999996842816e+00 1.691600000000000037e+01 2.709999999999999909e-02
5.831619999997201376e+00 1.697400000000000020e+01 2.610000000000000167e-02
6.720139999997627456e+00 1.713200000000000145e+01 3.049999999999999933e-02
7.810599999997066334e+00 1.722599999999999909e+01 3.459999999999999881e-02
8.838550000000395812e+00 1.731899999999999906e+01 3.479999999999999760e-02
9.851300000002083834e+00 1.745850000000000080e+01 3.269999999999999990e-02
1.182734000000345986e+01 1.751500000000000057e+01 5.709999999999999798e-02
1.273978999999962980e+01 1.749399999999999977e+01 3.620000000000000301e-02
1.677653999999893131e+01 1.731800000000000139e+01 3.910000000000000281e-02
1.877309000000241213e+01 1.732349999999999923e+01 3.269999999999999990e-02
2.177395000000251457e+01 1.725049999999999883e+01 4.309999999999999942e-02
2.378493999999773223e+01 1.724149999999999849e+01 4.000000000000000083e-02
2.676245000000199070e+01 1.745349999999999824e+01 4.590000000000000330e-02
3.080096000000048662e+01 1.777599999999999980e+01 7.080000000000000182e-02
3.572321999999985565e+01 1.807000000000000028e+01 6.099999999999999867e-02
5.973150999999779742e+01 1.944600000000000151e+01 2.928999999999999937e-01
