-1.818757499997445848e+00 1.844500000000000028e+01 5.970000000000000306e-02
-7.904475000032107346e-01 1.821600000000000108e+01 3.769999999999999740e-02
1.773824999982025474e-01 1.818850000000000122e+01 3.790000000000000313e-02
1.029972500000440050e+00 1.814949999999999974e+01 4.229999999999999732e-02
4.180242499998712447e+00 1.794450000000000145e+01 4.290000000000000063e-02
6.231992499997431878e+00 1.796049999999999969e+01 7.989999999999999880e-02
1.112555250000150409e+01 1.786899999999999977e+01 3.189999999999999780e-02
1.411165250000340166e+01 1.794600000000000151e+01 4.080000000000000293e-02
1.507104249999974854e+01 1.798100000000000165e+01 3.039999999999999994e-02
2.305901250000169966e+01 1.838550000000000040e+01 4.660000000000000253e-02
2.611121249999996508e+01 1.849249999999999972e+01 5.569999999999999951e-02
2.717962249999982305e+01 1.862650000000000006e+01 7.209999999999999742e-02
2.904066250000323635e+01 1.865350000000000108e+01 6.640000000000000069e-02
3.001066249999712454e+01 1.874599999999999866e+01 6.320000000000000617e-02
3.100487250000151107e+01 1.864399999999999835e+01 6.389999999999999847e-02
4.399426249999669380e+01 1.932349999999999923e+01 8.999999999999999667e-02
4.597445249999873340e+01 1.935300000000000153e+01 8.640000000000000457e-02
4.698317249999672640e+01 1.923499999999999943e+01 8.079999999999999682e-02
4.897018250000110129e+01 1.929799999999999827e+01 8.780000000000000304e-02
