6.979353750000882428e+00 1.790749999999999886e+01 4.290000000000000063e-02
1.589065375000063796e+01 1.824299999999999855e+01 7.199999999999999456e-02
2.386703375000070082e+01 1.811700000000000088e+01 3.559999999999999970e-02
2.599549375000060536e+01 1.837500000000000000e+01 6.239999999999999714e-02
2.793917374999728054e+01 1.827700000000000102e+01 3.749999999999999861e-02
2.986860375000105705e+01 1.831800000000000139e+01 3.740000000000000269e-02
3.291037374999723397e+01 1.856700000000000017e+01 4.889999999999999902e-02
3.487898375000077067e+01 1.875300000000000011e+01 7.059999999999999609e-02
3.794288375000178348e+01 1.898000000000000043e+01 6.160000000000000198e-02
4.400692374999925960e+01 1.925000000000000000e+01 9.379999999999999449e-02
4.587899374999688007e+01 1.933800000000000097e+01 8.749999999999999445e-02
4.684335375000227941e+01 1.959149999999999991e+01 1.869999999999999996e-01
5.294950375000189524e+01 1.959100000000000108e+01 1.463000000000000134e-01
5.587211375000333646e+01 1.980300000000000082e+01 1.499999999999999944e-01
6.087036375000025146e+01 1.973699999999999832e+01 1.597000000000000086e-01
6.287349374999757856e+01 2.006500000000000128e+01 1.850999999999999868e-01
6.689795374999812339e+01 2.033899999999999864e+01 2.238999999999999879e-01
6.991409374999784632e+01 2.069600000000000151e+01 3.407999999999999918e-01
7.286438374999852385e+01 1.995200000000000173e+01 1.514000000000000068e-01
7.398705375000281492e+01 2.048799999999999955e+01 1.890999999999999903e-01
9.291646374999982072e+01 2.074200000000000088e+01 2.651000000000000023e-01
