-7.926152499996533152e+00 1.701450000000000173e+01 2.280000000000000082e-02
-5.945432499996968545e+00 1.680849999999999866e+01 2.149999999999999828e-02
-5.017862499997136183e+00 1.673000000000000043e+01 2.170000000000000054e-02
-3.924292499999864958e+00 1.671699999999999875e+01 1.689999999999999836e-02
5.970767500002693851e+00 1.696349999999999980e+01 2.170000000000000054e-02
9.973247499998251442e+00 1.720499999999999829e+01 2.489999999999999852e-02
1.682872749999660300e+01 1.770899999999999963e+01 2.649999999999999925e-02
1.793230749999929685e+01 1.770449999999999946e+01 3.259999999999999704e-02
2.096812749999662628e+01 1.769999999999999929e+01 2.280000000000000082e-02
2.284763750000274740e+01 1.763350000000000151e+01 2.560000000000000123e-02
2.388783749999856809e+01 1.761749999999999972e+01 2.469999999999999973e-02
2.481414750000112690e+01 1.761899999999999977e+01 2.840000000000000163e-02
2.586774750000040513e+01 1.757300000000000040e+01 2.440000000000000155e-02
3.280166750000353204e+01 1.748799999999999955e+01 2.429999999999999868e-02
3.492152750000241213e+01 1.760549999999999926e+01 3.280000000000000276e-02
3.878692749999754597e+01 1.780300000000000082e+01 3.139999999999999736e-02
4.184993750000285218e+01 1.794399999999999906e+01 2.900000000000000147e-02
4.380924750000122003e+01 1.801699999999999946e+01 3.280000000000000276e-02
6.093909749999875203e+01 1.898699999999999832e+01 6.790000000000000202e-02
6.482019749999744818e+01 1.896750000000000114e+01 5.739999999999999963e-02
7.088621750000311295e+01 1.925499999999999901e+01 6.710000000000000686e-02
7.885789749999821652e+01 1.957000000000000028e+01 1.174000000000000044e-01
8.181205749999935506e+01 1.959250000000000114e+01 1.280999999999999917e-01
1.018603575000015553e+02 1.999099999999999966e+01 1.504000000000000059e-01
