-7.537007500002800953e+00 1.727799999999999869e+01 3.259999999999999704e-02
-4.643577499999082647e+00 1.700000000000000000e+01 3.420000000000000123e-02
-1.618317499996919651e+00 1.701800000000000068e+01 2.699999999999999969e-02
-6.053675000002840534e-01 1.699249999999999972e+01 2.970000000000000070e-02
4.562224999972386286e-01 1.704650000000000176e+01 3.729999999999999982e-02
1.342822500002512243e+00 1.703249999999999886e+01 2.369999999999999885e-02
3.222452499998325948e+00 1.707000000000000028e+01 5.399999999999999939e-02
4.369692499996745028e+00 1.709550000000000125e+01 2.709999999999999909e-02
6.364682500003254972e+00 1.717449999999999832e+01 3.039999999999999994e-02
9.439582500002870802e+00 1.731899999999999906e+01 4.329999999999999821e-02
2.340875249999953667e+01 1.756099999999999994e+01 3.869999999999999829e-02
2.432478249999985565e+01 1.748849999999999838e+01 3.440000000000000002e-02
3.136267249999946216e+01 1.758800000000000097e+01 4.379999999999999866e-02
3.431052250000357162e+01 1.775300000000000011e+01 6.729999999999999871e-02
3.628657250000105705e+01 1.789399999999999835e+01 4.760000000000000342e-02
4.430172250000032363e+01 1.842399999999999949e+01 6.119999999999999746e-02
4.817421250000188593e+01 1.847650000000000148e+01 8.450000000000000566e-02
5.028405249999923399e+01 1.867549999999999955e+01 8.550000000000000655e-02
5.131816249999974389e+01 1.869050000000000011e+01 8.540000000000000369e-02
5.313160249999782536e+01 1.881899999999999906e+01 7.779999999999999416e-02
6.019992250000359491e+01 1.906749999999999901e+01 1.937000000000000111e-01
6.334104249999654712e+01 1.946900000000000119e+01 2.093000000000000138e-01
6.928710249999858206e+01 2.005799999999999983e+01 2.867999999999999994e-01
8.126552249999804189e+01 1.996900000000000119e+01 3.321000000000000063e-01
8.324940249999781372e+01 1.995949999999999847e+01 2.437000000000000000e-01
8.727075250000052620e+01 2.023999999999999844e+01 3.963999999999999746e-01
9.020341249999910360e+01 2.011400000000000077e+01 1.973000000000000032e-01
1.001993224999969243e+02 2.051599999999999824e+01 3.145999999999999908e-01
