-1.222753750000265427e+00 1.793199999999999861e+01 5.009999999999999870e-02
-4.014374999678693712e-02 1.795200000000000173e+01 4.610000000000000209e-02
9.727462500013643876e-01 1.789349999999999952e+01 3.810000000000000192e-02
3.893356250002398156e+00 1.809400000000000119e+01 6.219999999999999835e-02
1.089708624999911990e+01 1.869800000000000040e+01 8.019999999999999352e-02
1.168646625000110362e+01 1.871000000000000085e+01 7.290000000000000646e-02
1.488640624999970896e+01 1.869399999999999906e+01 6.800000000000000488e-02
2.285084625000308733e+01 1.854550000000000054e+01 6.800000000000000488e-02
2.386943625000276370e+01 1.853200000000000003e+01 5.399999999999999939e-02
2.690296625000337372e+01 1.855799999999999983e+01 8.150000000000000300e-02
2.975188625000009779e+01 1.861149999999999949e+01 8.830000000000000349e-02
3.273777624999638647e+01 1.881099999999999994e+01 8.240000000000000102e-02
8.269116624999878695e+01 2.068750000000000000e+01 3.227999999999999758e-01
1.086402262499977951e+02 2.095100000000000051e+01 3.260000000000000120e-01
1.336129462500030058e+02 2.095400000000000063e+01 3.715999999999999859e-01
