2.389544999998179264e+00 1.764049999999999940e+01 3.109999999999999917e-02
4.290374999996856786e+00 1.774599999999999866e+01 5.489999999999999741e-02
7.493614999999408610e+00 1.786199999999999832e+01 4.490000000000000241e-02
8.336165000000619330e+00 1.783699999999999974e+01 3.989999999999999797e-02
9.435534999996889383e+00 1.790099999999999980e+01 4.970000000000000112e-02
1.042638499999884516e+01 1.806599999999999895e+01 5.650000000000000161e-02
1.333015500000328757e+01 1.831299999999999883e+01 5.449999999999999983e-02
2.030745500000193715e+01 1.841199999999999903e+01 7.920000000000000651e-02
2.514634500000101980e+01 1.825499999999999901e+01 4.760000000000000342e-02
2.741455500000301981e+01 1.822550000000000026e+01 6.840000000000000246e-02
2.827371500000299420e+01 1.817950000000000088e+01 4.830000000000000265e-02
3.137813499999901978e+01 1.825499999999999901e+01 5.609999999999999709e-02
3.432287499999802094e+01 1.825000000000000000e+01 5.449999999999999983e-02
3.534886499999993248e+01 1.825000000000000000e+01 4.719999999999999890e-02
3.625703500000236090e+01 1.844300000000000139e+01 5.619999999999999996e-02
3.936752500000147847e+01 1.866700000000000159e+01 7.480000000000000537e-02
4.042591499999980442e+01 1.859600000000000009e+01 6.779999999999999916e-02
4.336855500000092434e+01 1.884600000000000009e+01 1.376000000000000001e-01
4.632536499999696389e+01 1.915650000000000119e+01 1.290999999999999925e-01
6.827620500000193715e+01 1.954299999999999926e+01 1.794000000000000039e-01
7.418041500000254018e+01 1.995499999999999829e+01 2.543000000000000260e-01
