-5.076346250003552996e+00 1.643900000000000006e+01 2.400000000000000050e-02
-4.195026250003138557e+00 1.638200000000000145e+01 2.400000000000000050e-02
-3.173416249999718275e+00 1.639799999999999969e+01 2.599999999999999881e-02
-1.066986249999899883e+00 1.641199999999999903e+01 2.800000000000000058e-02
1.864253749998169951e+00 1.652700000000000102e+01 2.699999999999999969e-02
2.916663750002044253e+00 1.655300000000000082e+01 2.800000000000000058e-02
3.855063750001136214e+00 1.659600000000000009e+01 4.399999999999999745e-02
1.089300375000311760e+01 1.699299999999999855e+01 2.900000000000000147e-02
1.183005375000357162e+01 1.707300000000000040e+01 2.999999999999999889e-02
1.482521375000214903e+01 1.722700000000000031e+01 3.200000000000000067e-02
1.579610374999901978e+01 1.725700000000000145e+01 4.000000000000000083e-02
2.183203374999720836e+01 1.723000000000000043e+01 3.799999999999999906e-02
2.383225374999892665e+01 1.716000000000000014e+01 3.599999999999999728e-02
2.479347375000361353e+01 1.711299999999999955e+01 3.300000000000000155e-02
2.874768374999985099e+01 1.710600000000000165e+01 2.900000000000000147e-02
3.181145375000050990e+01 1.711199999999999832e+01 3.500000000000000333e-02
3.690228375000151573e+01 1.737900000000000134e+01 4.000000000000000083e-02
3.882407375000184402e+01 1.746900000000000119e+01 3.599999999999999728e-02
