3.755437500003608875e+00 1.871600000000000108e+01 5.770000000000000129e-02
4.801127500002621673e+00 1.866300000000000026e+01 5.689999999999999919e-02
9.860437499999534339e+00 1.903399999999999892e+01 7.059999999999999609e-02
1.176051749999896856e+01 1.918900000000000006e+01 9.070000000000000284e-02
1.996662749999813968e+01 1.985399999999999920e+01 2.192999999999999949e-01
2.591592749999836087e+01 1.934799999999999898e+01 1.516000000000000125e-01
3.984672750000027008e+01 1.978800000000000026e+01 1.228999999999999954e-01
4.086647749999974621e+01 2.011499999999999844e+01 1.869000000000000106e-01
4.386440749999746913e+01 2.035300000000000153e+01 2.217000000000000082e-01
4.685437749999982771e+01 2.020050000000000168e+01 2.978000000000000091e-01
5.379417749999993248e+01 1.973199999999999932e+01 1.998999999999999944e-01
5.881057750000036322e+01 2.016600000000000037e+01 2.255999999999999950e-01
