-8.592901249998249114e+00 1.719099999999999895e+01 5.399999999999999939e-02
-2.562251249997643754e+00 1.638299999999999912e+01 2.019999999999999921e-02
-1.483601250001811422e+00 1.633200000000000074e+01 2.029999999999999860e-02
1.392208750003192108e+00 1.618499999999999872e+01 1.710000000000000062e-02
1.248612875000253553e+01 1.614450000000000074e+01 3.230000000000000232e-02
3.141742874999908963e+01 1.697850000000000037e+01 2.900000000000000147e-02
3.544502875000034692e+01 1.712500000000000000e+01 3.130000000000000143e-02
3.843420874999719672e+01 1.718299999999999983e+01 3.889999999999999708e-02
4.143319874999724561e+01 1.729500000000000171e+01 3.379999999999999671e-02
4.742526874999748543e+01 1.754700000000000060e+01 5.120000000000000245e-02
