-5.756865000003017485e+00 1.749449999999999861e+01 2.469999999999999973e-02
-4.596705000003566965e+00 1.742999999999999972e+01 2.829999999999999877e-02
-1.638554999997722916e+00 1.738350000000000151e+01 2.560000000000000123e-02
-6.842049999977461994e-01 1.743100000000000094e+01 2.759999999999999953e-02
2.909050000016577542e-01 1.744450000000000145e+01 2.709999999999999909e-02
7.415824999996402767e+00 1.782499999999999929e+01 5.410000000000000225e-02
1.831039500000042608e+01 1.805150000000000077e+01 4.270000000000000184e-02
2.230179499999940163e+01 1.796150000000000091e+01 3.790000000000000313e-02
2.626060500000312459e+01 1.803249999999999886e+01 4.150000000000000216e-02
3.231624500000179978e+01 1.852649999999999864e+01 6.210000000000000242e-02
3.424992499999643769e+01 1.867899999999999849e+01 5.330000000000000016e-02
4.325562499999796273e+01 1.921999999999999886e+01 3.146999999999999797e-01
5.717274500000348780e+01 1.981749999999999901e+01 1.174000000000000044e-01
6.314039500000217231e+01 1.984499999999999886e+01 1.728999999999999981e-01
