4.640861250001762528e+00 1.631400000000000006e+01 1.890000000000000013e-02
9.857051250000949949e+00 1.664699999999999847e+01 2.599999999999999881e-02
1.090380125000228873e+01 1.672200000000000131e+01 2.960000000000000131e-02
1.271316125000157626e+01 1.682799999999999940e+01 3.049999999999999933e-02
1.476751125000009779e+01 1.684850000000000136e+01 3.080000000000000099e-02
1.773764125000161584e+01 1.680000000000000071e+01 3.389999999999999958e-02
1.881427124999754597e+01 1.678099999999999881e+01 3.610000000000000014e-02
2.276416125000105239e+01 1.668250000000000099e+01 6.219999999999999835e-02
3.074929125000198837e+01 1.682600000000000051e+01 4.370000000000000273e-02
4.168533125000249129e+01 1.758899999999999864e+01 5.449999999999999983e-02
4.366881124999781605e+01 1.764099999999999824e+01 4.649999999999999967e-02
4.461357125000358792e+01 1.784499999999999886e+01 1.615000000000000047e-01
5.069944124999892665e+01 1.812500000000000000e+01 1.193000000000000033e-01
5.466539124999690102e+01 1.809049999999999869e+01 8.809999999999999776e-02
5.872834124999644700e+01 1.823600000000000065e+01 9.810000000000000664e-02
6.158017125000333181e+01 1.834100000000000108e+01 1.067000000000000032e-01
6.267130124999675900e+01 1.833699999999999974e+01 7.240000000000000602e-02
6.558528125000157161e+01 1.866100000000000136e+01 9.489999999999999825e-02
7.062935124999785330e+01 1.883599999999999852e+01 9.969999999999999696e-02
7.162055125000188127e+01 1.881500000000000128e+01 9.639999999999999958e-02
