7.784307499998249114e+00 1.885650000000000048e+01 7.870000000000000606e-02
9.672137499997916166e+00 1.878300000000000125e+01 5.709999999999999798e-02
1.066287749999901280e+01 1.886250000000000071e+01 7.979999999999999594e-02
1.477025750000029802e+01 1.913950000000000173e+01 1.351999999999999869e-01
1.573080749999644468e+01 1.924099999999999966e+01 8.569999999999999840e-02
2.164846750000288012e+01 1.925850000000000151e+01 8.680000000000000215e-02
2.567353749999892898e+01 1.918700000000000117e+01 8.830000000000000349e-02
3.059839749999810010e+01 1.919050000000000011e+01 1.125000000000000028e-01
3.658515749999787658e+01 1.943299999999999983e+01 1.074999999999999983e-01
3.846464749999722699e+01 1.952400000000000091e+01 1.363999999999999935e-01
3.952672750000056112e+01 1.957600000000000051e+01 1.152999999999999997e-01
4.452400749999651453e+01 1.968400000000000105e+01 2.298999999999999932e-01
4.956444750000082422e+01 1.976950000000000074e+01 2.326000000000000012e-01
5.059249750000162749e+01 2.000300000000000011e+01 2.844999999999999751e-01
5.251812749999953667e+01 2.005349999999999966e+01 1.706000000000000016e-01
5.752683750000142027e+01 2.014249999999999829e+01 4.099999999999999756e-01
5.860645749999821419e+01 2.054500000000000171e+01 1.995000000000000107e-01
5.952007749999756925e+01 2.012249999999999872e+01 2.364999999999999880e-01
