-1.229994374999660067e+01 1.775450000000000017e+01 4.159999999999999809e-02
-1.121762375000253087e+01 1.717999999999999972e+01 2.699999999999999969e-02
-1.020416375000058906e+01 1.665500000000000114e+01 2.730000000000000135e-02
-9.281933749996824190e+00 1.630900000000000105e+01 1.969999999999999876e-02
-6.191693749999103602e+00 1.557750000000000057e+01 1.739999999999999880e-02
-5.224153750001278240e+00 1.549649999999999928e+01 1.760000000000000106e-02
-4.207073750003473833e+00 1.544650000000000034e+01 1.990000000000000102e-02
-3.217393749997427221e+00 1.541999999999999993e+01 3.070000000000000159e-02
3.890386250001029111e+00 1.564499999999999957e+01 1.949999999999999997e-02
4.875766249999287538e+00 1.572700000000000031e+01 1.899999999999999953e-02
5.770226250002451707e+00 1.580000000000000071e+01 1.990000000000000102e-02
1.186652624999987893e+01 1.637450000000000117e+01 1.799999999999999864e-02
1.260259624999889638e+01 1.637849999999999895e+01 1.739999999999999880e-02
1.483549625000159722e+01 1.637650000000000006e+01 2.040000000000000147e-02
1.580966625000291970e+01 1.634799999999999898e+01 2.239999999999999977e-02
1.671484624999720836e+01 1.631099999999999994e+01 1.980000000000000163e-02
3.967998624999745516e+01 1.711449999999999960e+01 2.319999999999999840e-02
4.064055625000037253e+01 1.714300000000000068e+01 6.210000000000000242e-02
4.465756625000358326e+01 1.736799999999999855e+01 2.769999999999999893e-02
4.562731625000014901e+01 1.741499999999999915e+01 3.099999999999999978e-02
4.856925624999712454e+01 1.753650000000000020e+01 2.980000000000000010e-02
4.966235625000263099e+01 1.759550000000000125e+01 4.229999999999999732e-02
5.065834624999843072e+01 1.762249999999999872e+01 3.320000000000000034e-02
5.165958625000348547e+01 1.763400000000000034e+01 3.769999999999999740e-02
5.655109624999749940e+01 1.761199999999999832e+01 6.040000000000000230e-02
6.158043624999845633e+01 1.811850000000000094e+01 4.710000000000000298e-02
6.656856624999636551e+01 1.824299999999999855e+01 5.029999999999999749e-02
6.756586624999908963e+01 1.831700000000000017e+01 5.190000000000000169e-02
6.949016624999785563e+01 1.833500000000000085e+01 5.480000000000000149e-02
7.146994624999933876e+01 1.851200000000000045e+01 6.300000000000000044e-02
7.358116624999820488e+01 1.857700000000000173e+01 5.859999999999999931e-02
9.259848624999722233e+01 1.917350000000000065e+01 1.381999999999999895e-01
9.651492624999809777e+01 1.929400000000000048e+01 1.418000000000000094e-01
9.750402624999696855e+01 1.937199999999999989e+01 1.723999999999999977e-01
1.034939462499969522e+02 1.943100000000000094e+01 1.421999999999999931e-01
1.185085962500015739e+02 2.011100000000000065e+01 2.933000000000000052e-01
1.225071162500025821e+02 1.984949999999999903e+01 2.222000000000000086e-01
1.284902862500021001e+02 2.000400000000000134e+01 2.285999999999999976e-01
