-4.746106250000593718e+00 1.698000000000000043e+01 2.189999999999999933e-02
-3.669926249996933620e+00 1.700400000000000134e+01 2.299999999999999961e-02
-2.772606250000535510e+00 1.700300000000000011e+01 2.620000000000000107e-02
-1.996336249998421408e+00 1.699200000000000088e+01 2.160000000000000114e-02
-8.291762500011827797e-01 1.704400000000000048e+01 2.639999999999999986e-02
1.164723750000121072e+00 1.709100000000000108e+01 3.049999999999999933e-02
2.074453749999520369e+00 1.712699999999999889e+01 4.150000000000000216e-02
3.098573750001378357e+00 1.716000000000000014e+01 2.800000000000000058e-02
4.227873750001890585e+00 1.721499999999999986e+01 1.079999999999999988e-01
6.285123749999911524e+00 1.726699999999999946e+01 5.160000000000000003e-02
1.498295374999725027e+01 1.774099999999999966e+01 5.099999999999999672e-02
1.601577374999760650e+01 1.776899999999999835e+01 3.540000000000000091e-02
2.001512375000311295e+01 1.761199999999999832e+01 2.949999999999999845e-02
2.406750374999683117e+01 1.752100000000000080e+01 2.879999999999999921e-02
2.622290375000011409e+01 1.756099999999999994e+01 2.850000000000000103e-02
2.717527374999917811e+01 1.752299999999999969e+01 2.750000000000000014e-02
2.820126375000108965e+01 1.756899999999999906e+01 2.929999999999999966e-02
3.403353375000006054e+01 1.776450000000000173e+01 7.130000000000000226e-02
3.620817374999751337e+01 1.777100000000000080e+01 8.599999999999999312e-02
3.805723374999797670e+01 1.810450000000000159e+01 5.500000000000000028e-02
5.113832374999765307e+01 1.871099999999999852e+01 7.109999999999999654e-02
5.618085374999645865e+01 1.887699999999999889e+01 1.129000000000000004e-01
