1.819671375000325497e+01 1.688899999999999935e+01 3.049999999999999933e-02
1.919710374999704072e+01 1.694399999999999906e+01 2.809999999999999998e-02
2.020563375000347150e+01 1.700499999999999901e+01 2.479999999999999913e-02
2.927300375000049826e+01 1.783099999999999952e+01 6.880000000000000004e-02
3.320382375000190223e+01 1.826999999999999957e+01 1.222000000000000031e-01
3.623543375000008382e+01 1.841100000000000136e+01 5.890000000000000097e-02
3.931774374999804422e+01 1.852700000000000102e+01 7.169999999999999984e-02
4.721496374999696855e+01 1.911199999999999832e+01 1.365000000000000102e-01
5.023580375000165077e+01 1.940549999999999997e+01 1.248999999999999971e-01
5.424022374999913154e+01 1.964549999999999841e+01 2.316999999999999893e-01
5.823053375000017695e+01 1.961599999999999966e+01 2.462000000000000022e-01
6.123974374999670545e+01 1.955900000000000105e+01 1.660999999999999976e-01
