1.373224999988451600e-01 1.664199999999999946e+01 4.660000000000000253e-02
2.020882500000880100e+00 1.657700000000000173e+01 2.510000000000000078e-02
4.963412500001140870e+00 1.666100000000000136e+01 2.129999999999999949e-02
5.960262499997043051e+00 1.669699999999999918e+01 1.949999999999999997e-02
6.956932499997492414e+00 1.676699999999999946e+01 2.330000000000000127e-02
7.982102499998291023e+00 1.677899999999999991e+01 2.290000000000000022e-02
1.504150249999656808e+01 1.720299999999999940e+01 2.819999999999999937e-02
1.603185249999660300e+01 1.718499999999999872e+01 2.290000000000000022e-02
2.001820250000309898e+01 1.715299999999999869e+01 2.690000000000000030e-02
2.102002250000077765e+01 1.712900000000000134e+01 2.359999999999999945e-02
2.295399249999900348e+01 1.701899999999999835e+01 3.470000000000000168e-02
2.600394249999953900e+01 1.714600000000000080e+01 2.769999999999999893e-02
3.598279249999905005e+01 1.728849999999999909e+01 3.379999999999999671e-02
4.097643249999964610e+01 1.762900000000000134e+01 3.370000000000000079e-02
4.197137249999650521e+01 1.770700000000000074e+01 4.209999999999999853e-02
4.298634250000031898e+01 1.774299999999999855e+01 3.379999999999999671e-02
4.500257250000140630e+01 1.780049999999999955e+01 9.009999999999999953e-02
4.898793250000016997e+01 1.801800000000000068e+01 4.209999999999999853e-02
