-1.219217500001832377e+00 1.416200000000000081e+01 1.609999999999999973e-02
-2.266674999991664663e-01 1.419400000000000084e+01 1.959999999999999937e-02
5.779282499999681022e+00 1.438199999999999967e+01 2.120000000000000009e-02
6.748472500003117602e+00 1.442699999999999960e+01 2.380000000000000171e-02
7.720932500000344589e+00 1.447899999999999920e+01 2.110000000000000070e-02
8.636512500001117587e+00 1.457049999999999912e+01 2.409999999999999989e-02
9.756112499999289867e+00 1.461599999999999966e+01 1.799999999999999864e-02
1.271817249999730848e+01 1.490199999999999925e+01 2.199999999999999872e-02
1.463511250000010477e+01 1.501600000000000001e+01 1.820000000000000090e-02
1.861170249999850057e+01 1.506900000000000084e+01 1.969999999999999876e-02
2.158739249999780441e+01 1.500699999999999967e+01 2.390000000000000110e-02
2.255887249999796040e+01 1.497000000000000064e+01 1.930000000000000118e-02
2.363922250000177883e+01 1.494149999999999956e+01 3.760000000000000148e-02
2.466823250000015832e+01 1.491600000000000037e+01 2.869999999999999982e-02
2.655495250000240048e+01 1.485599999999999987e+01 2.170000000000000054e-02
3.576616249999642605e+01 1.494200000000000017e+01 1.909999999999999892e-02
3.965478250000160187e+01 1.523199999999999932e+01 2.319999999999999840e-02
4.268110249999881489e+01 1.541600000000000037e+01 2.199999999999999872e-02
4.363643250000313856e+01 1.546199999999999974e+01 2.469999999999999973e-02
4.568833250000170665e+01 1.566399999999999970e+01 4.610000000000000209e-02
4.757512249999854248e+01 1.565900000000000070e+01 2.029999999999999860e-02
7.056276249999791617e+01 1.654850000000000065e+01 2.350000000000000006e-02
7.160590249999950174e+01 1.667699999999999960e+01 4.009999999999999676e-02
7.355319250000320608e+01 1.668700000000000117e+01 3.039999999999999994e-02
7.857156250000116415e+01 1.685800000000000054e+01 2.510000000000000078e-02
9.655366250000224682e+01 1.743400000000000105e+01 3.200000000000000067e-02
1.284412725000001956e+02 1.836199999999999832e+01 7.049999999999999323e-02
1.623881624999994528e+02 1.925649999999999906e+01 1.864000000000000101e-01
