-3.996842499997001141e+00 1.522700000000000031e+01 1.609999999999999973e-02
-2.972762500001408625e+00 1.523399999999999999e+01 1.700000000000000122e-02
-1.000582499997108243e+00 1.526399999999999935e+01 1.650000000000000078e-02
9.980775000003632158e-01 1.531199999999999939e+01 1.510000000000000057e-02
2.941307499997492414e+00 1.538199999999999967e+01 1.569999999999999868e-02
3.979197499997098930e+00 1.540900000000000070e+01 1.710000000000000062e-02
5.824067499997909181e+00 1.549300000000000033e+01 2.000000000000000042e-02
2.193956749999779277e+01 1.595100000000000051e+01 1.849999999999999908e-02
2.300500750000355765e+01 1.591900000000000048e+01 1.830000000000000029e-02
2.691341749999992317e+01 1.585200000000000031e+01 1.529999999999999936e-02
3.096645749999879627e+01 1.591799999999999926e+01 1.830000000000000029e-02
3.471300750000227708e+01 1.618900000000000006e+01 1.760000000000000106e-02
5.079650750000291737e+01 1.707799999999999940e+01 3.259999999999999704e-02
5.380524750000040513e+01 1.719500000000000028e+01 2.500000000000000139e-02
5.775511749999714084e+01 1.733650000000000091e+01 3.080000000000000099e-02
7.784361750000243774e+01 1.815299999999999869e+01 5.210000000000000048e-02
8.769831749999866588e+01 1.854799999999999827e+01 8.709999999999999687e-02
8.968944750000082422e+01 1.849500000000000099e+01 5.840000000000000052e-02
9.270938749999913853e+01 1.863500000000000156e+01 6.850000000000000533e-02
1.126903474999999162e+02 1.917200000000000060e+01 1.053000000000000047e-01
1.157079175000035320e+02 1.939699999999999847e+01 1.187000000000000000e-01
