-6.403999999747611582e-02 1.777599999999999980e+01 3.599999999999999728e-02
1.879500000002735760e+00 1.777700000000000102e+01 3.350000000000000200e-02
3.937930000000051223e+00 1.782000000000000028e+01 3.679999999999999938e-02
4.751519999997981358e+00 1.782999999999999829e+01 3.950000000000000039e-02
7.779699999999138527e+00 1.798499999999999943e+01 4.710000000000000298e-02
8.738879999997152481e+00 1.810750000000000171e+01 4.209999999999999853e-02
9.733110000001033768e+00 1.823300000000000054e+01 6.019999999999999657e-02
1.778454000000056112e+01 1.834600000000000009e+01 6.010000000000000064e-02
2.074637000000075204e+01 1.825049999999999883e+01 5.489999999999999741e-02
2.182196000000112690e+01 1.809900000000000020e+01 8.300000000000000433e-02
2.277898999999888474e+01 1.822200000000000131e+01 4.619999999999999801e-02
2.383075999999709893e+01 1.820449999999999946e+01 4.769999999999999934e-02
2.883840000000054715e+01 1.827049999999999841e+01 4.739999999999999769e-02
3.080935000000317814e+01 1.844699999999999918e+01 7.019999999999999851e-02
3.680690000000322470e+01 1.881400000000000006e+01 6.940000000000000335e-02
4.783626999999978580e+01 1.941799999999999926e+01 1.451000000000000068e-01
