6.163330000003043097e+00 1.759750000000000014e+01 3.109999999999999917e-02
7.113460000000486616e+00 1.762900000000000134e+01 3.269999999999999990e-02
9.045310000001336448e+00 1.766600000000000037e+01 3.729999999999999982e-02
1.009240999999747146e+01 1.776099999999999923e+01 4.700000000000000011e-02
1.120117999999638414e+01 1.787249999999999872e+01 3.420000000000000123e-02
1.313236999999935506e+01 1.807499999999999929e+01 5.539999999999999786e-02
1.500886999999784166e+01 1.819999999999999929e+01 7.939999999999999836e-02
2.202116999999998370e+01 1.800600000000000023e+01 4.100000000000000172e-02
2.906328999999823282e+01 1.812199999999999989e+01 5.709999999999999798e-02
3.417902999999932945e+01 1.850150000000000006e+01 6.370000000000000662e-02
3.501683999999659136e+01 1.873549999999999827e+01 5.890000000000000097e-02
3.807450999999855412e+01 1.888149999999999906e+01 8.400000000000000522e-02
5.808007999999972526e+01 1.973450000000000060e+01 1.736999999999999933e-01
6.106423000000359025e+01 1.990350000000000108e+01 1.244999999999999996e-01
