-5.603416250000009313e+00 1.523900000000000077e+01 2.450000000000000094e-02
-3.628496249999443535e+00 1.507549999999999990e+01 1.760000000000000106e-02
9.656374999758554623e-02 1.513799999999999990e+01 2.009999999999999981e-02
3.323603750002803281e+00 1.520749999999999957e+01 1.810000000000000150e-02
4.210943749996658880e+00 1.525249999999999950e+01 1.810000000000000150e-02
5.367173749997164123e+00 1.533849999999999980e+01 1.810000000000000150e-02
7.191983750002691522e+00 1.551849999999999952e+01 2.019999999999999921e-02
9.069933749997289851e+00 1.572000000000000064e+01 2.079999999999999905e-02
1.127047375000256579e+01 1.583500000000000085e+01 1.880000000000000074e-02
1.518900374999793712e+01 1.580049999999999955e+01 1.549999999999999989e-02
1.618868374999874504e+01 1.576699999999999946e+01 1.549999999999999989e-02
1.718574375000025611e+01 1.574050000000000082e+01 2.040000000000000147e-02
2.022829374999855645e+01 1.565850000000000009e+01 1.729999999999999941e-02
2.131386375000147382e+01 1.564450000000000074e+01 1.959999999999999937e-02
2.211080375000165077e+01 1.563250000000000028e+01 1.750000000000000167e-02
2.417529374999867287e+01 1.564450000000000074e+01 1.789999999999999925e-02
3.602308374999847729e+01 1.652449999999999974e+01 2.380000000000000171e-02
4.710338374999992084e+01 1.704599999999999937e+01 2.769999999999999893e-02
4.816646374999982072e+01 1.715500000000000114e+01 5.659999999999999754e-02
5.211475375000009080e+01 1.725700000000000145e+01 3.020000000000000115e-02
