-6.638232500001322478e+00 1.713500000000000156e+01 3.300000000000000155e-02
-4.644272500001534354e+00 1.705549999999999855e+01 1.084999999999999992e-01
-3.553342500003054738e+00 1.697850000000000037e+01 2.630000000000000046e-02
-2.567062499998428393e+00 1.697149999999999892e+01 3.309999999999999748e-02
-1.592742499997257255e+00 1.694849999999999923e+01 2.869999999999999982e-02
2.361697499996807892e+00 1.706400000000000006e+01 2.129999999999999949e-02
3.358167500002309680e+00 1.707349999999999923e+01 3.119999999999999857e-02
4.396437499999592546e+00 1.713850000000000051e+01 2.580000000000000002e-02
1.837225749999925029e+01 1.777550000000000097e+01 6.469999999999999363e-02
2.138514749999740161e+01 1.770899999999999963e+01 4.220000000000000140e-02
2.239063750000059372e+01 1.769399999999999906e+01 3.950000000000000039e-02
2.339315750000241678e+01 1.769750000000000156e+01 3.620000000000000301e-02
2.738993749999644933e+01 1.757649999999999935e+01 6.300000000000000044e-02
2.839573750000272412e+01 1.752700000000000102e+01 5.580000000000000238e-02
2.940437750000273809e+01 1.753099999999999881e+01 9.669999999999999429e-02
3.338161750000290340e+01 1.772800000000000153e+01 6.010000000000000064e-02
3.438256749999709427e+01 1.776950000000000074e+01 4.370000000000000273e-02
4.539219749999756459e+01 1.838550000000000040e+01 6.489999999999999936e-02
4.839558750000287546e+01 1.851399999999999935e+01 1.106000000000000039e-01
