-9.761775000006309710e-01 1.478700000000000081e+01 2.230000000000000038e-02
6.894802499999059364e+00 1.494549999999999912e+01 2.139999999999999888e-02
8.021572500001639128e+00 1.500000000000000000e+01 2.309999999999999901e-02
8.946902499999850988e+00 1.505400000000000027e+01 2.479999999999999913e-02
9.925872500003606547e+00 1.506000000000000050e+01 4.599999999999999922e-02
1.402691249999770662e+01 1.549000000000000021e+01 1.980000000000000163e-02
1.597109250000357861e+01 1.557199999999999918e+01 1.870000000000000134e-02
1.801831249999668216e+01 1.549600000000000044e+01 2.829999999999999877e-02
1.901669250000122702e+01 1.550000000000000000e+01 2.730000000000000135e-02
1.997573250000277767e+01 1.548900000000000077e+01 1.940000000000000058e-02
2.191286250000121072e+01 1.537400000000000055e+01 2.659999999999999865e-02
2.695759250000264728e+01 1.527100000000000080e+01 1.990000000000000102e-02
3.188291249999747379e+01 1.530499999999999972e+01 2.139999999999999888e-02
3.387729250000120373e+01 1.546199999999999974e+01 2.189999999999999933e-02
3.494165249999787193e+01 1.555799999999999983e+01 3.109999999999999917e-02
3.892633249999926193e+01 1.584200000000000053e+01 2.280000000000000082e-02
3.993010250000224914e+01 1.589550000000000018e+01 1.969999999999999876e-02
4.093474250000144821e+01 1.603650000000000020e+01 5.410000000000000225e-02
4.298904249999759486e+01 1.609600000000000009e+01 2.040000000000000147e-02
4.495595250000042142e+01 1.616649999999999920e+01 3.640000000000000180e-02
4.590532250000251224e+01 1.620400000000000063e+01 2.239999999999999977e-02
4.788089249999757158e+01 1.629799999999999827e+01 2.009999999999999981e-02
6.485087249999924097e+01 1.695499999999999829e+01 4.150000000000000216e-02
7.089903249999770196e+01 1.718100000000000094e+01 4.279999999999999777e-02
7.382569250000233296e+01 1.730549999999999855e+01 3.090000000000000038e-02
7.583136250000097789e+01 1.733950000000000102e+01 3.109999999999999917e-02
9.475751250000030268e+01 1.779200000000000159e+01 1.514999999999999958e-01
