-4.905962500000896398e+00 1.681800000000000139e+01 2.100000000000000130e-02
-4.031282500000088476e+00 1.673049999999999926e+01 2.239999999999999977e-02
-9.049725000004400499e-01 1.665249999999999986e+01 2.089999999999999844e-02
1.028477499996370170e+00 1.674399999999999977e+01 3.749999999999999861e-02
2.862267500000598375e+00 1.674399999999999977e+01 2.939999999999999905e-02
9.956007499997213017e+00 1.698400000000000176e+01 2.110000000000000070e-02
1.101041750000149477e+01 1.703900000000000148e+01 2.510000000000000078e-02
1.181055750000086846e+01 1.707199999999999918e+01 2.340000000000000066e-02
1.392294750000291970e+01 1.712049999999999983e+01 2.340000000000000066e-02
1.790775749999738764e+01 1.710350000000000037e+01 2.469999999999999973e-02
1.893371749999641906e+01 1.706800000000000139e+01 3.330000000000000321e-02
1.994855749999987893e+01 1.702949999999999875e+01 2.580000000000000002e-02
2.296173750000161817e+01 1.703000000000000114e+01 2.359999999999999945e-02
2.485783749999973224e+01 1.705349999999999966e+01 2.369999999999999885e-02
2.682974749999993946e+01 1.709299999999999997e+01 2.860000000000000042e-02
3.578529749999870546e+01 1.762800000000000011e+01 9.529999999999999583e-02
4.983959750000212807e+01 1.816799999999999926e+01 4.529999999999999999e-02
5.088027750000037486e+01 1.823349999999999937e+01 5.990000000000000185e-02
5.281943750000209548e+01 1.836749999999999972e+01 5.870000000000000218e-02
5.480243750000227010e+01 1.840950000000000131e+01 5.070000000000000201e-02
