1.764393750003364403e+00 1.570250000000000057e+01 1.710000000000000062e-02
4.790183750003052410e+00 1.580450000000000088e+01 1.739999999999999880e-02
7.658543750003445894e+00 1.602599999999999980e+01 1.990000000000000102e-02
8.832693750002363231e+00 1.615500000000000114e+01 1.849999999999999908e-02
9.825563749996945262e+00 1.632649999999999935e+01 4.359999999999999987e-02
1.868122374999802560e+01 1.642350000000000065e+01 2.309999999999999901e-02
2.469879375000164146e+01 1.630199999999999960e+01 2.079999999999999905e-02
2.579228375000093365e+01 1.631700000000000017e+01 2.019999999999999921e-02
2.768699375000142027e+01 1.637349999999999994e+01 2.199999999999999872e-02
2.959529374999692664e+01 1.648999999999999844e+01 2.649999999999999925e-02
3.271843375000025844e+01 1.676500000000000057e+01 2.309999999999999901e-02
3.454650375000346685e+01 1.691000000000000014e+01 3.670000000000000345e-02
5.066513375000067754e+01 1.775049999999999883e+01 3.479999999999999760e-02
5.569646374999865657e+01 1.789249999999999829e+01 5.659999999999999754e-02
5.647528374999819789e+01 1.802850000000000108e+01 4.019999999999999962e-02
5.960213374999875668e+01 1.816300000000000026e+01 6.119999999999999746e-02
8.255886374999681721e+01 1.902599999999999980e+01 9.080000000000000571e-02
1.165033637500018813e+02 2.015599999999999881e+01 2.107999999999999874e-01
1.185189537499973085e+02 2.068750000000000000e+01 3.518999999999999906e-01
