-2.294240000002901070e+00 1.622500000000000142e+01 3.559999999999999970e-02
-2.867100000003119931e-01 1.629650000000000176e+01 2.309999999999999901e-02
1.726759999997739214e+00 1.634199999999999875e+01 2.000000000000000042e-02
2.713600000002770685e+00 1.637999999999999901e+01 2.429999999999999868e-02
5.743390000003273599e+00 1.650000000000000000e+01 2.050000000000000086e-02
8.722999999998137355e+00 1.669099999999999895e+01 2.539999999999999897e-02
1.376140999999915948e+01 1.714499999999999957e+01 3.150000000000000022e-02
1.572750000000087311e+01 1.725799999999999912e+01 4.189999999999999974e-02
2.670031000000017229e+01 1.705900000000000105e+01 6.029999999999999943e-02
3.272155999999813503e+01 1.700850000000000151e+01 3.009999999999999828e-02
3.669879999999830034e+01 1.732300000000000040e+01 3.860000000000000236e-02
4.172389999999722932e+01 1.760699999999999932e+01 4.970000000000000112e-02
