-6.572261250003066380e+00 1.766600000000000037e+01 2.409999999999999989e-02
-2.573231249996752013e+00 1.758999999999999986e+01 2.980000000000000010e-02
-1.748601250001229346e+00 1.755600000000000094e+01 4.229999999999999732e-02
-4.213712499986286275e-01 1.765700000000000003e+01 2.879999999999999921e-02
8.396258749999105930e+00 1.855900000000000105e+01 3.281999999999999917e-01
1.625826875000348082e+01 1.843700000000000117e+01 4.030000000000000249e-02
1.731047874999785563e+01 1.847400000000000020e+01 4.299999999999999656e-02
1.835522874999878695e+01 1.853900000000000148e+01 4.700000000000000011e-02
1.950736874999711290e+01 1.841300000000000026e+01 4.479999999999999954e-02
2.147630875000322703e+01 1.842999999999999972e+01 4.680000000000000132e-02
2.349594875000184402e+01 1.832700000000000173e+01 3.960000000000000325e-02
4.137779874999978347e+01 1.878200000000000003e+01 5.249999999999999806e-02
4.233196874999703141e+01 1.887999999999999901e+01 7.019999999999999851e-02
4.838745875000313390e+01 1.921399999999999864e+01 8.179999999999999771e-02
5.035236874999827705e+01 1.933800000000000097e+01 8.319999999999999618e-02
