-1.105886124999960884e+01 1.621300000000000097e+01 4.139999999999999930e-02
-6.104391250002663583e+00 1.590499999999999936e+01 2.129999999999999949e-02
-5.124261249999108259e+00 1.585800000000000054e+01 3.889999999999999708e-02
-4.293921249998675194e+00 1.581300000000000061e+01 1.849999999999999908e-02
-2.279401250001683366e+00 1.577899999999999991e+01 2.060000000000000026e-02
-1.250151250002090819e+00 1.575300000000000011e+01 2.009999999999999981e-02
-1.310712499980581924e-01 1.573700000000000010e+01 1.930000000000000118e-02
1.869218749998253770e+00 1.575000000000000000e+01 1.940000000000000058e-02
3.911818749998928979e+00 1.574799999999999933e+01 1.880000000000000074e-02
4.655608749999373686e+00 1.576299999999999990e+01 1.839999999999999969e-02
5.943988749997515697e+00 1.576399999999999935e+01 1.949999999999999997e-02
8.642758750000211876e+00 1.579299999999999926e+01 1.750000000000000167e-02
9.671068750001722947e+00 1.582450000000000045e+01 4.939999999999999947e-02
1.165565875000174856e+01 1.586200000000000010e+01 1.919999999999999832e-02
1.265266875000088476e+01 1.586299999999999955e+01 1.890000000000000013e-02
1.375819875000161119e+01 1.589199999999999946e+01 2.129999999999999949e-02
1.665635874999861699e+01 1.591200000000000081e+01 1.940000000000000058e-02
1.863413874999969266e+01 1.594200000000000017e+01 2.029999999999999860e-02
2.062158875000022817e+01 1.591300000000000026e+01 1.849999999999999908e-02
2.275585875000251690e+01 1.595250000000000057e+01 3.529999999999999805e-02
2.375619875000120373e+01 1.592300000000000004e+01 2.029999999999999860e-02
2.763560875000257511e+01 1.594899999999999984e+01 2.050000000000000086e-02
2.879364874999737367e+01 1.596349999999999980e+01 1.959999999999999937e-02
3.075757875000272179e+01 1.600000000000000000e+01 2.000000000000000042e-02
3.566041874999791617e+01 1.615200000000000102e+01 2.050000000000000086e-02
3.675433874999725958e+01 1.618599999999999994e+01 1.949999999999999997e-02
3.789258875000086846e+01 1.624299999999999855e+01 4.150000000000000216e-02
3.862234875000285683e+01 1.625400000000000134e+01 2.050000000000000086e-02
3.983960875000047963e+01 1.632000000000000028e+01 3.200000000000000067e-02
4.164787875000183703e+01 1.635500000000000043e+01 2.000000000000000042e-02
4.373197875000187196e+01 1.645149999999999935e+01 2.450000000000000094e-02
4.771334875000320608e+01 1.662000000000000099e+01 4.889999999999999902e-02
4.863995874999818625e+01 1.662900000000000134e+01 1.760000000000000106e-02
5.087176875000295695e+01 1.676800000000000068e+01 2.429999999999999868e-02
5.369345874999999069e+01 1.683099999999999952e+01 2.390000000000000110e-02
5.674931875000038417e+01 1.693900000000000006e+01 2.970000000000000070e-02
5.865632875000301283e+01 1.701749999999999829e+01 3.130000000000000143e-02
6.069500875000085216e+01 1.709199999999999875e+01 2.649999999999999925e-02
7.479919874999905005e+01 1.754100000000000037e+01 3.090000000000000038e-02
7.579848874999879627e+01 1.761049999999999827e+01 1.030999999999999972e-01
7.862988875000155531e+01 1.762699999999999889e+01 3.719999999999999696e-02
8.877164875000016764e+01 1.780150000000000077e+01 1.250999999999999890e-01
9.262120875000255182e+01 1.805649999999999977e+01 1.015000000000000069e-01
9.769216874999983702e+01 1.818799999999999883e+01 6.450000000000000178e-02
1.416237887500028592e+02 1.921999999999999886e+01 1.202000000000000013e-01
1.456199687499974971e+02 1.931200000000000117e+01 1.122999999999999970e-01
