-2.643949999997857958e+00 1.642399999999999949e+01 2.840000000000000163e-02
-6.102400000017951243e-01 1.643700000000000117e+01 3.039999999999999994e-02
3.748199999972712249e-01 1.643550000000000111e+01 2.850000000000000103e-02
2.375339999998686835e+00 1.655099999999999838e+01 3.039999999999999994e-02
6.361479999999573920e+00 1.665549999999999997e+01 2.999999999999999889e-02
7.361830000001646113e+00 1.674899999999999878e+01 4.290000000000000063e-02
8.389320000002044253e+00 1.684499999999999886e+01 4.150000000000000216e-02
1.134784000000217929e+01 1.694999999999999929e+01 5.890000000000000097e-02
1.635358000000269385e+01 1.746649999999999991e+01 8.559999999999999554e-02
2.136759999999776483e+01 1.732799999999999940e+01 6.819999999999999674e-02
2.336506999999983236e+01 1.726599999999999824e+01 7.290000000000000646e-02
2.534068000000115717e+01 1.727199999999999847e+01 2.910000000000000087e-02
3.137632000000303378e+01 1.703249999999999886e+01 5.539999999999999786e-02
3.334389999999984866e+01 1.708149999999999835e+01 6.930000000000000049e-02
3.834825000000273576e+01 1.745799999999999841e+01 1.797999999999999876e-01
3.934130000000004657e+01 1.762800000000000011e+01 1.310000000000000053e-01
