-6.000108749998616986e+00 1.645250000000000057e+01 2.259999999999999856e-02
9.118412500029080547e-01 1.649200000000000088e+01 2.639999999999999986e-02
2.959921250003390014e+00 1.654799999999999827e+01 1.990000000000000102e-02
3.897341249998135027e+00 1.655949999999999989e+01 2.220000000000000098e-02
6.957721250000759028e+00 1.669450000000000145e+01 2.040000000000000147e-02
8.046221249998779967e+00 1.679200000000000159e+01 2.529999999999999957e-02
1.088932124999701045e+01 1.709799999999999898e+01 3.440000000000000002e-02
1.992070124999736436e+01 1.714699999999999847e+01 2.249999999999999917e-02
2.104280124999786494e+01 1.728699999999999903e+01 3.348999999999999755e-01
4.090252124999824446e+01 1.789900000000000091e+01 6.550000000000000266e-02
4.287154125000233762e+01 1.802899999999999991e+01 8.290000000000000147e-02
4.577231125000253087e+01 1.803200000000000003e+01 4.170000000000000095e-02
6.582109124999988126e+01 1.880699999999999861e+01 7.340000000000000691e-02
6.875040124999941327e+01 1.900700000000000145e+01 9.310000000000000220e-02
1.296917512500003795e+02 2.037900000000000134e+01 2.615000000000000102e-01
1.307227112499967916e+02 2.043649999999999878e+01 2.693999999999999728e-01
