-8.028482499998062849e+00 1.628300000000000125e+01 2.359999999999999945e-02
-6.178102500001841690e+00 1.583799999999999919e+01 2.419999999999999929e-02
-4.904032500002358574e+00 1.565000000000000036e+01 1.669999999999999957e-02
-3.814382500000647269e+00 1.553700000000000081e+01 1.750000000000000167e-02
-2.952832499999203719e+00 1.549549999999999983e+01 1.590000000000000094e-02
-1.873302499996498227e+00 1.546199999999999974e+01 1.619999999999999912e-02
-3.142499997920822352e-03 1.550799999999999912e+01 1.750000000000000167e-02
4.060477500002889428e+00 1.563799999999999990e+01 1.959999999999999937e-02
1.017061749999993481e+01 1.602949999999999875e+01 2.409999999999999989e-02
1.088998749999882421e+01 1.604799999999999827e+01 1.899999999999999953e-02
1.400422750000143424e+01 1.600000000000000000e+01 1.830000000000000029e-02
1.898316750000230968e+01 1.598300000000000054e+01 1.890000000000000013e-02
1.992574749999766937e+01 1.605049999999999955e+01 4.259999999999999898e-02
2.092813749999913853e+01 1.609600000000000009e+01 2.340000000000000066e-02
2.292447749999701045e+01 1.622899999999999920e+01 2.149999999999999828e-02
2.403148749999672873e+01 1.638100000000000023e+01 3.670000000000000345e-02
2.893790750000334810e+01 1.681500000000000128e+01 4.900000000000000189e-02
3.984025750000000698e+01 1.738400000000000034e+01 4.320000000000000229e-02
4.195093749999796273e+01 1.744999999999999929e+01 3.649999999999999772e-02
4.395372749999660300e+01 1.763599999999999923e+01 4.209999999999999853e-02
4.782822750000195811e+01 1.777499999999999858e+01 5.430000000000000104e-02
4.984226749999652384e+01 1.790850000000000009e+01 5.539999999999999786e-02
5.183312750000186497e+01 1.797650000000000148e+01 1.077000000000000041e-01
