-1.800643750000745058e+00 1.712150000000000105e+01 2.460000000000000034e-02
1.757562499988125637e-01 1.716000000000000014e+01 3.309999999999999748e-02
6.172006250002596062e+00 1.725000000000000000e+01 3.640000000000000180e-02
1.006485624999913853e+01 1.746399999999999864e+01 3.300000000000000155e-02
1.516790624999703141e+01 1.784799999999999898e+01 3.620000000000000301e-02
2.313001624999742489e+01 1.779850000000000065e+01 4.689999999999999725e-02
2.413410624999960419e+01 1.774399999999999977e+01 4.340000000000000108e-02
2.516275624999980209e+01 1.779949999999999832e+01 3.660000000000000059e-02
2.711967624999670079e+01 1.771799999999999997e+01 3.250000000000000111e-02
2.915399625000281958e+01 1.772700000000000031e+01 3.409999999999999837e-02
4.703779624999879161e+01 1.850300000000000011e+01 6.809999999999999387e-02
6.106321624999691267e+01 1.909799999999999898e+01 7.929999999999999549e-02
6.207937625000340631e+01 1.903549999999999898e+01 9.149999999999999800e-02
8.501094624999677762e+01 1.959299999999999997e+01 1.572000000000000064e-01
