-9.468291249999310821e+00 1.751999999999999957e+01 5.179999999999999882e-02
-8.567171249997045379e+00 1.725199999999999889e+01 4.370000000000000273e-02
-7.494361249999201391e+00 1.697899999999999920e+01 3.189999999999999780e-02
-6.542551250000542495e+00 1.684299999999999997e+01 3.509999999999999926e-02
-5.548101250002218876e+00 1.674899999999999878e+01 3.440000000000000002e-02
-1.506911249998665880e+00 1.658599999999999852e+01 2.489999999999999852e-02
-5.012912500023958273e-01 1.667299999999999827e+01 5.000000000000000278e-02
6.249087499963934533e-01 1.672400000000000020e+01 3.269999999999999990e-02
3.447518749999289867e+00 1.681550000000000011e+01 2.819999999999999937e-02
4.430508750003355090e+00 1.690299999999999869e+01 3.420000000000000123e-02
5.424168750003445894e+00 1.697500000000000142e+01 4.209999999999999853e-02
1.027840874999674270e+01 1.747899999999999920e+01 4.789999999999999813e-02
1.233262875000218628e+01 1.752899999999999991e+01 3.839999999999999664e-02
1.342508875000203261e+01 1.747400000000000020e+01 4.560000000000000164e-02
1.439578875000006519e+01 1.752100000000000080e+01 4.719999999999999890e-02
1.841936875000101281e+01 1.742399999999999949e+01 4.039999999999999841e-02
2.042911874999845168e+01 1.736400000000000077e+01 4.080000000000000293e-02
2.236341874999925494e+01 1.732499999999999929e+01 4.939999999999999947e-02
2.450387875000160420e+01 1.731899999999999906e+01 4.710000000000000298e-02
2.937235874999896623e+01 1.767899999999999849e+01 5.609999999999999709e-02
