1.881334999998216517e+00 1.747700000000000031e+01 2.419999999999999929e-02
5.879825000003620517e+00 1.766300000000000026e+01 2.599999999999999881e-02
6.853495000003022142e+00 1.764750000000000085e+01 2.520000000000000018e-02
7.832004999996570405e+00 1.773900000000000077e+01 2.680000000000000090e-02
1.088558500000362983e+01 1.802799999999999869e+01 2.960000000000000131e-02
1.172078499999770429e+01 1.809100000000000108e+01 3.389999999999999958e-02
1.283005499999853782e+01 1.813299999999999912e+01 5.269999999999999685e-02
1.782751499999722000e+01 1.821600000000000108e+01 6.289999999999999758e-02
1.980641499999910593e+01 1.830199999999999960e+01 8.690000000000000502e-02
2.278787500000180444e+01 1.832400000000000162e+01 1.008000000000000007e-01
2.681502500000351574e+01 1.829200000000000159e+01 7.760000000000000231e-02
3.172101500000280794e+01 1.817000000000000171e+01 3.280000000000000276e-02
3.277829499999643303e+01 1.814999999999999858e+01 6.479999999999999649e-02
3.876969500000268454e+01 1.843400000000000105e+01 5.149999999999999717e-02
5.573629500000242842e+01 1.930600000000000094e+01 1.074999999999999983e-01
5.973832499999844003e+01 1.953900000000000148e+01 1.484000000000000041e-01
