-4.212740000002668239e+00 1.770850000000000080e+01 7.829999999999999460e-02
-3.359539999997650739e+00 1.781099999999999994e+01 6.210000000000000242e-02
-2.233090000001539011e+00 1.781899999999999906e+01 5.349999999999999895e-02
-2.076900000029127114e-01 1.769600000000000151e+01 4.379999999999999866e-02
7.891200000012759119e-01 1.772350000000000136e+01 7.080000000000000182e-02
1.749320000002626330e+00 1.773600000000000065e+01 7.159999999999999698e-02
2.688829999999143183e+00 1.777250000000000085e+01 7.660000000000000142e-02
6.729070000001229346e+00 1.780300000000000082e+01 8.300000000000000433e-02
8.723989999998593703e+00 1.815700000000000003e+01 7.839999999999999747e-02
1.172656999999890104e+01 1.842299999999999827e+01 8.899999999999999578e-02
1.374235000000044238e+01 1.850499999999999901e+01 8.920000000000000151e-02
1.671392000000196276e+01 1.857000000000000028e+01 1.229999999999999982e-01
2.072703999999794178e+01 1.845799999999999841e+01 7.910000000000000364e-02
2.564925999999832129e+01 1.837000000000000099e+01 1.091000000000000025e-01
