SN1998bu 29.97 0.46 0.01 11.65 1.03 0.02
SN1999cl 30.62 0.39 0.03 13.08 1.17 0.07
SN1999cp 33.05 0.11 0.04 14.32 0.97 0.07
SN1999ee 33.32 0.10 0.01 14.65 0.96 0.01
SN1999ek 34.32 0.06 0.02 15.54 1.14 0.03
SN1999gp 35.31 0.04 0.03 16.31 0.86 0.04
SN2000E 32.00 0.18 0.04 12.91 1.08 0.05
SN2000bh 34.90 0.05 0.05 16.22 1.1 0.09
SN2000bk 35.27 0.04 0.07 16.78 1.47 0.1
SN2000ca 34.98 0.05 0.03 16.0 0.95 0.04
SN2000ce 34.28 0.06 0.05 16.1 0.99 0.08
SN2001V 34.17 0.07 0.04 14.95 0.83 0.05
SN2001ah 37.03 0.02 0.05 18.05 0.98 0.08
SN2001az 36.21 0.03 0.04 17.45 1.08 0.06
SN2001ba 35.46 0.04 9.99 16.65 1.02 0.02
SN2001bf 34.05 0.07 0.04 14.86 0.99 0.06
SN2001bt 33.86 0.08 0.03 15.22 1.12 0.03
SN2001cn 33.98 0.14 0.04 15.25 1.07 0.05
SN2001cz 34.01 0.07 0.03 15.18 0.94 0.03
SN2001eh 35.96 0.03 0.03 16.98 0.92 0.06
SN2001el 30.67 0.33 0.03 12.8 1.15 0.03
SN2001en 34.08 0.07 0.05 15.31 1.11 0.07
SN2001ep 33.68 0.08 0.02 14.95 1.29 0.06
SN2001fe 33.91 0.08 0.03 15.02 1.0 0.07
SN2002bo 31.87 0.19 0.03 13.57 1.08 0.04
SN2002ck 35.55 0.04 0.05 16.69 1.08 0.09
SN2002cr 33.19 0.11 0.03 14.43 1.18 0.06
SN2002dj 33.03 0.11 0.04 14.21 1.18 0.05
SN2002dp 33.22 0.10 0.02 14.61 1.12 0.04
SN2002ha 33.75 0.08 0.02 14.92 1.21 0.04
SN2002hd 35.94 0.03 0.05 17.04 1.16 0.11
SN2002he 35.12 0.04 0.05 16.57 1.44 0.06
SN2002hu 36.08 0.03 0.03 17.02 1.05 0.03
SN2002hw 34.18 0.07 0.05 16.05 1.44 0.08
SN2002jy 34.65 0.05 0.03 15.98 0.87 0.06
SN2002kf 34.58 0.06 0.04 16.01 1.2 0.07
SN2003U 35.37 0.04 0.04 16.75 1.45 0.1
SN2003W 34.76 0.05 0.02 16.07 1.14 0.04
SN2003cg 31.36 0.25 0.04 13.01 1.28 0.05
SN2003du 32.44 0.15 0.03 13.88 1.06 0.06
SN2003fa 36.13 0.03 0.04 17.08 0.8 0.05
SN2003it 35.04 0.05 0.03 16.44 1.35 0.09
SN2004L 35.78 0.03 0.05 17.27 1.12 0.07
SN2004S 32.81 0.13 0.04 14.42 1.02 0.06
SN2004as 35.69 0.03 0.03 17.18 0.91 0.08
SN2004bg 34.84 0.05 0.05 16.0 1.05 0.09
SN2004eo 34.17 0.07 9.99 99.99 9.99 9.99
SN2005cf 32.25 0.16 0.02 13.65 1.09 0.03
SN2005ch 35.30 0.40 9.99 99.99 9.99 9.99
SN2005el 33.93 0.08 0.03 15.22 1.28 0.05
SN2005eq 35.42 0.04 0.04 16.58 0.88 0.05
SN2005eu 35.82 0.03 0.04 16.86 0.89 0.06
SN2005hc 36.44 0.02 0.03 17.82 1.03 0.04
SN2005hf 36.29 0.03 0.06 17.55 1.33 0.08
SN2005hj 36.97 0.02 0.04 18.05 0.93 0.06
SN2005iq 35.79 0.03 0.03 17.18 1.19 0.06
SN2005kc 33.83 0.08 0.02 15.31 1.24 0.04
SN2005ki 34.72 0.05 0.03 15.91 1.42 0.07
SN2005ls 34.69 0.05 0.03 15.86 0.98 0.03
SN2005lz 36.19 0.03 0.03 17.75 1.34 0.08
SN2005ms 35.21 0.04 0.02 16.49 0.94 0.05
SN2005na 35.23 0.04 0.05 16.39 1.08 0.07
SN2006D 32.77 0.13 0.04 14.21 1.35 0.05
SN2006N 33.99 0.07 0.03 15.36 1.5 0.04
SN2006S 35.74 0.03 0.03 17.07 0.93 0.04
SN2006X 30.91 0.30 0.02 13.28 1.17 0.03
SN2006ac 35.02 0.05 0.02 16.41 1.2 0.03
SN2006ak 36.13 0.03 0.06 17.38 1.21 0.08
SN2006ar 34.94 0.05 0.03 16.58 1.16 0.12
SN2006ax 34.40 0.06 0.02 15.44 1.05 0.03
SN2006az 35.65 0.03 0.03 16.83 1.3 0.03
SN2006bq 34.79 0.05 0.05 16.37 1.29 0.06
SN2006br 35.17 0.04 0.05 17.34 1.11 0.09
SN2006bw 35.59 0.04 0.06 16.96 1.28 0.1
SN2006cc 35.73 0.03 0.02 17.34 0.96 0.03
SN2006cm 34.03 0.07 0.02 16.26 1.03 0.07
SN2006cp 34.92 0.05 0.04 16.25 0.98 0.09
SN2006ef 34.28 0.06 0.06 15.71 1.22 0.09
SN2006ej 34.54 0.06 0.06 15.92 1.12 0.09
SN2006en 35.59 0.04 0.05 16.89 1.07 0.08
SN2006et 34.79 0.05 0.04 15.99 1.03 0.05
SN2006gr 35.89 0.03 0.03 17.22 0.82 0.07
SN2006is 35.64 0.03 0.06 16.74 0.78 0.09
SN2006kf 34.72 0.05 0.03 16.06 1.55 0.03
SN2006le 34.41 0.06 0.03 15.34 0.9 0.03
SN2006mp 34.94 0.05 0.02 16.14 0.85 0.05
SN2006oa 37.05 0.02 0.03 18.28 0.88 0.07
SN2006os 35.69 0.03 0.06 17.14 1.11 0.08
SN2006qo 35.54 0.04 0.03 16.71 0.97 0.05
SN2006sr 34.97 0.05 0.04 16.37 1.23 0.06
SN2006td 34.01 0.07 0.02 15.77 1.39 0.05
SN2006te 35.68 0.03 0.04 16.89 1.02 0.07
SN2007F 35.06 0.04 0.03 16.21 0.96 0.03
SN2007O 35.97 0.03 0.05 17.18 1.11 0.06
SN2007R 35.62 0.03 0.05 16.86 1.21 0.08
SN2007S 34.02 0.07 0.02 15.3 0.93 0.03
SN2007ae 37.24 0.02 0.05 18.26 0.99 0.06
SN2007ai 35.68 0.03 0.02 16.9 1.02 0.06
SN2007ap 34.17 0.07 0.06 15.57 1.37 0.09
SN2007bc 34.84 0.05 0.04 16.11 1.37 0.05
SN2007bd 35.68 0.03 0.03 17.0 1.31 0.08
SN2007bz 34.92 0.05 0.02 16.68 1.04 0.03
SN2007ca 34.03 0.07 0.03 15.52 0.89 0.04
SN2007cg 35.83 0.03 0.06 17.25 1.05 0.1
SN2007co 35.27 0.04 0.02 16.71 1.16 0.03
SN2007cq 35.13 0.05 0.02 16.12 1.2 0.06
SN2007qe 34.93 0.05 0.02 16.41 1.03 0.04
SN2008L 34.51 0.06 0.04 15.55 1.43 0.06
SN2008af 35.82 0.03 0.06 17.2 1.32 0.08
SN2008bf 35.19 0.04 0.03 16.11 1.06 0.04
