
 Sat 13:21:57 21-Aug-2010
 SN2001ay_lc_u_model.dat
 function = legendre
 grow = 0.
 naverage = 1
 order = 10
 low_reject = 3.
 high_reject = 3.
 niterate = 0
 sample = *
 total points = 81
 sample points = 81
 nrejected = 0
 deleted = 0
 RMS = 0.00809346
 square root of reduced chi square = 0.00864465
 	  coefficent	  error
 	    1.872423E1	   9.628901E-4
 	    2.557398E0	   1.656943E-3
 	  -4.133466E-1	   2.119388E-3
 	  -6.122914E-1	   2.492994E-3
 	   4.215128E-1	   2.791636E-3
 	   2.800200E-2	   3.068363E-3
 	  -2.569592E-2	   3.279201E-3
 	  -3.215460E-2	   3.500972E-3
 	  -3.721052E-3	   3.642028E-3
 	   1.776930E-2	   3.826468E-3

# 	    X     	     Yc   	     Y    	     W
	    2.014700E3 	    1.674426E1 	    1.675900E1 	    1.000000E0
	    2.015700E3 	    1.667055E1 	    1.666500E1 	    1.000000E0
	    2.016700E3 	    1.660567E1 	    1.659300E1 	    1.000000E0
	    2.017700E3 	    1.655106E1 	    1.653900E1 	    1.000000E0
	    2.018700E3 	    1.650760E1 	    1.650000E1 	    1.000000E0
	    2.019700E3 	    1.647573E1 	    1.647600E1 	    1.000000E0
	    2.020700E3 	    1.645554E1 	    1.646300E1 	    1.000000E0
	    2.021700E3 	    1.644684E1 	    1.646300E1 	    1.000000E0
	    2.022700E3 	    1.644922E1 	    1.645900E1 	    1.000000E0
	    2.023700E3 	    1.646215E1 	    1.647300E1 	    1.000000E0
	    2.024700E3 	    1.648500E1 	    1.649000E1 	    1.000000E0
	    2.025700E3 	    1.651707E1 	    1.651800E1 	    1.000000E0
	    2.026700E3 	    1.655766E1 	    1.655200E1 	    1.000000E0
	    2.027700E3 	    1.660604E1 	    1.659900E1 	    1.000000E0
	    2.028700E3 	    1.666151E1 	    1.665400E1 	    1.000000E0
	    2.029700E3 	    1.672341E1 	    1.671400E1 	    1.000000E0
	    2.030700E3 	    1.679111E1 	    1.677900E1 	    1.000000E0
	    2.031700E3 	    1.686402E1 	    1.686100E1 	    1.000000E0
	    2.032700E3 	    1.694160E1 	    1.694600E1 	    1.000000E0
	    2.033700E3 	    1.702337E1 	    1.702500E1 	    1.000000E0
	    2.034700E3 	    1.710887E1 	    1.710700E1 	    1.000000E0
	    2.035700E3 	    1.719769E1 	    1.719400E1 	    1.000000E0
	    2.036700E3 	    1.728946E1 	    1.728400E1 	    1.000000E0
	    2.037700E3 	    1.738383E1 	    1.738000E1 	    1.000000E0
	    2.038700E3 	    1.748048E1 	    1.748500E1 	    1.000000E0
	    2.039700E3 	    1.757911E1 	    1.758900E1 	    1.000000E0
	    2.040700E3 	    1.767943E1 	    1.768900E1 	    1.000000E0
	    2.041700E3 	    1.778115E1 	    1.779400E1 	    1.000000E0
	    2.042700E3 	    1.788399E1 	    1.789300E1 	    1.000000E0
	    2.043700E3 	    1.798766E1 	    1.799400E1 	    1.000000E0
	    2.044700E3 	    1.809188E1 	    1.809500E1 	    1.000000E0
	    2.045700E3 	    1.819635E1 	    1.819600E1 	    1.000000E0
	    2.046700E3 	    1.830077E1 	    1.829500E1 	    1.000000E0
	    2.047700E3 	    1.840483E1 	    1.839800E1 	    1.000000E0
	    2.048700E3 	    1.850821E1 	    1.850300E1 	    1.000000E0
	    2.049700E3 	    1.861059E1 	    1.860700E1 	    1.000000E0
	    2.050700E3 	    1.871164E1 	    1.871000E1 	    1.000000E0
	    2.051700E3 	    1.881103E1 	    1.881400E1 	    1.000000E0
	    2.052700E3 	    1.890842E1 	    1.890700E1 	    1.000000E0
	    2.053700E3 	    1.900351E1 	    1.899700E1 	    1.000000E0
	    2.054700E3 	    1.909598E1 	    1.908700E1 	    1.000000E0
	    2.055700E3 	    1.918554E1 	    1.917600E1 	    1.000000E0
	    2.056700E3 	    1.927191E1 	    1.926300E1 	    1.000000E0
	    2.057700E3 	    1.935483E1 	    1.934800E1 	    1.000000E0
	    2.058700E3 	    1.943410E1 	    1.943100E1 	    1.000000E0
	    2.059700E3 	    1.950953E1 	    1.951100E1 	    1.000000E0
	    2.060700E3 	    1.958096E1 	    1.958600E1 	    1.000000E0
	    2.061700E3 	    1.964829E1 	    1.965700E1 	    1.000000E0
	    2.062700E3 	    1.971145E1 	    1.972200E1 	    1.000000E0
	    2.063700E3 	    1.977044E1 	    1.978200E1 	    1.000000E0
	    2.064700E3 	    1.982527E1 	    1.983800E1 	    1.000000E0
	    2.065700E3 	    1.987603E1 	    1.988900E1 	    1.000000E0
	    2.066700E3 	    1.992285E1 	    1.993300E1 	    1.000000E0
	    2.067700E3 	    1.996588E1 	    1.997200E1 	    1.000000E0
	    2.068700E3 	    2.000534E1 	    2.000700E1 	    1.000000E0
	    2.069700E3 	    2.004149E1 	    2.003700E1 	    1.000000E0
	    2.070700E3 	    2.007460E1 	    2.006400E1 	    1.000000E0
	    2.071700E3 	    2.010499E1 	    2.009000E1 	    1.000000E0
	    2.072700E3 	    2.013299E1 	    2.011400E1 	    1.000000E0
	    2.073700E3 	    2.015893E1 	    2.014000E1 	    1.000000E0
	    2.074700E3 	    2.018318E1 	    2.017100E1 	    1.000000E0
	    2.075700E3 	    2.020608E1 	    2.020200E1 	    1.000000E0
	    2.076700E3 	    2.022796E1 	    2.023200E1 	    1.000000E0
	    2.077700E3 	    2.024914E1 	    2.026200E1 	    1.000000E0
	    2.078700E3 	    2.026990E1 	    2.028400E1 	    1.000000E0
	    2.079700E3 	    2.029051E1 	    2.030100E1 	    1.000000E0
	    2.080700E3 	    2.031118E1 	    2.031800E1 	    1.000000E0
	    2.081700E3 	    2.033207E1 	    2.033600E1 	    1.000000E0
	    2.082700E3 	    2.035331E1 	    2.035400E1 	    1.000000E0
	    2.083700E3 	    2.037497E1 	    2.037400E1 	    1.000000E0
	    2.084700E3 	    2.039711E1 	    2.039500E1 	    1.000000E0
	    2.085700E3 	    2.041972E1 	    2.041600E1 	    1.000000E0
	    2.086700E3 	    2.044280E1 	    2.043900E1 	    1.000000E0
	    2.087700E3 	    2.046635E1 	    2.046300E1 	    1.000000E0
	    2.088700E3 	    2.049041E1 	    2.048800E1 	    1.000000E0
	    2.089700E3 	    2.051506E1 	    2.051400E1 	    1.000000E0
	    2.090700E3 	    2.054052E1 	    2.054100E1 	    1.000000E0
	    2.091700E3 	    2.056715E1 	    2.056900E1 	    1.000000E0
	    2.092700E3 	    2.059555E1 	    2.059800E1 	    1.000000E0
	    2.093700E3 	    2.062664E1 	    2.062800E1 	    1.000000E0
	    2.094700E3 	    2.066170E1 	    2.066000E1 	    1.000000E0
